0.766352700091514       0.7676209108212741

0.6748188155205785      0.6528147522705061
0.6219798195686664      0.6391764478907811

0.5635109713857189      0.545105798541698
0.5127604094890841      0.5511826796858614

0.46031107472039134     0.48345594555243016
0.4349920360793713      0.49120742150377394

0.39727919829142067     0.4464366098683367
0.3740232082025717      0.4467433512490027

0.34351640129631034     0.41069011206597844
0.3199735765180854      0.4130401308640681

0.29659107422266384     0.3848686939265719
0.27243138113543675     0.3862009941674849

0.2521701507286998      0.3634419743450542
0.22205637628887034     0.36415454582778406

0.20386537561576465     0.344783154082713
0.17716304375546843     0.3452806341719827

