0.35602079772705,0.35391921628887485,0.34879449107003996
0.3540231589029709,0.36554404669877116,0.3668234117526509
0.35442369495478376,0.3468758825713474,0.3588112929956076
0.35390708878334315,0.35019552664396114,0.34950390467366166
0.3536766456010878,0.3623784268695451,0.36008042902172205
0.35218116454220444,0.3704346499942102,0.34809305776814325
0.35423032158485096,0.3489746261197374,0.341588586623982
0.35236803989269094,0.34098114680941016,0.3613996861287172
0.3541667126104889,0.35576427694529306,0.3653251774647909
0.3554006946058832,0.35979647472967996,0.3572287881696725
0.35186730850713954,0.3517402468297995,0.3507548116327835
0.35466012443403283,0.3487079640786398,0.35251101899813714
0.35280004451510577,0.36824334397599273,0.3619421671602407
0.3554304637736546,0.3612575287693131,0.35712006412551894
0.3547296493188586,0.3537176207912628,0.3523440763266263
0.3542157599689951,0.3587337620066564,0.3506451062887963
0.3538786022247267,0.3374657791794272,0.3437576304950811
0.3542354642057165,0.3565860819267566,0.3441352050620607
0.35259460360953226,0.36607395512908314,0.34547660214346626
0.3525842285983882,0.35057095357972357,0.36139827699541743
0.3548193466204032,0.3648453940089789,0.3584750001995645
0.35278100450515176,0.3540440686814131,0.354613370950705
0.35470355530091435,0.35678874600876004,0.34941373545288823
0.35711666681617865,0.3475128775365459,0.34748308941977607
0.35557362683362936,0.3522150885043142,0.3455327055486907
0.35637378914490636,0.35213694747215246,0.3651190330361788
0.355229660554563,0.3604573926302285,0.3398659952172787
0.35751999765597936,0.35727749659241886,0.3487147710747444
0.35448300859798854,0.34803164089336924,0.3698225511929904
0.35044164378178044,0.3496941798943498,0.34594757554530314
0.35285868556140937,0.354417838238893,0.3664969705151802
0.3534946700541399,0.3566895082264427,0.35594102780331455
0.3527716418918585,0.36962407804028174,0.35598869978966835
0.3527545336718398,0.3585716621156641,0.3599851556611163
0.35521377887426625,0.37596680016952166,0.3543658933391162
0.3542128385335898,0.3679978709750513,0.3549816089315562
0.35575830242574746,0.3539796047381924,0.35814558154467013
0.35291648744321397,0.3549755389278553,0.3510849877597132
0.3529388498969288,0.35087748398287927,0.35150318917372136
0.3543799426717271,0.3574193527669511,0.3604364082881142
0.35480307161836555,0.35451306752208434,0.352522386211946
0.3533749909320119,0.3580004773430631,0.345644442673967
0.35529117971734503,0.3681649650249085,0.35749650573850855
0.35486108570524505,0.3569169480970487,0.3487307826570203
0.3555799352781984,0.3569767630427299,0.35725743402086074
0.3528195922724671,0.3599498104068735,0.3540019941202682
0.3520216882763589,0.36057767986490274,0.34690987268040113
0.3547039882671021,0.36394421884119776,0.36388641287667606
0.3540814669126395,0.342240169551619,0.35413908188610205
0.35372534554202106,0.36793654942118137,0.3609070108423188
0.3555231690634029,0.3578422375091557,0.35801997041066536
0.354180377690605,0.33579634373508527,0.3505846511118811
0.3534502547034644,0.38248052613562095,0.353673439500327
0.3561964278323274,0.37342446715540534,0.35395842515396125
0.35510168979564083,0.35586006075561055,0.34825828714505
0.35295855113266505,0.3569819643467841,0.3619857693190496
0.3556647574495814,0.36854775894295283,0.33468391354060645
0.3550095313193001,0.35414692629496297,0.3564892639158891
0.352299736576551,0.35342193952656176,0.3440469370365897
0.3541161488754568,0.3641182146768304,0.35723915685204904
0.3575112663474666,0.3679581997942148,0.36124676077189655
0.3538807761788177,0.3549625110189372,0.3365222535146785
0.3547911876162349,0.3568960941341447,0.35815696185955703
0.35465330236779047,0.34575894771842447,0.35250540278965414
0.3539278692801889,0.3436328668897133,0.3609855561293463
0.35484962809445675,0.3497850929887397,0.3577071391002566
0.35560905594117126,0.34927784344257007,0.36814357431381617
0.3546968487231801,0.3613854972000086,0.35302574368984735
0.35450236662010676,0.34267645695003174,0.3439327511315001
0.3539898444376935,0.3509156784460016,0.35391067592309516
0.3524090542957776,0.3569205680486605,0.3525650033436464
0.35323427823817066,0.3634672916347076,0.35234521823968434
0.3534725438162615,0.35688176081013356,0.3565855741413461
0.3519819487896849,0.3421302339892966,0.3536905581203152
0.35576882611071753,0.3502350503479143,0.3376740221379047
0.3529543116462252,0.35290983253464037,0.35117712458478667
0.35422803762399396,0.3398356658041665,0.3471273951970594
0.35720227380609704,0.3749210989919669,0.34652723112260597
0.3519050617870609,0.36048831913546847,0.35404455649049876
0.35200303406156697,0.37480758862183183,0.3502924344602518
0.35404788291034534,0.34529055242436435,0.3474330707450452
0.3512672004002324,0.3496378623967544,0.3425044662892112
0.35424281360956433,0.3532015906483136,0.3658952313443412
0.3543724526075888,0.3536191607636673,0.3587813746138493
0.3548893438171174,0.3490499653249584,0.3567211252661552
0.3517623764886426,0.3607457640100621,0.34670250341573783
0.3541823951479091,0.35574735990751205,0.34383668977030435
0.3532830966937,0.35950806415141523,0.34585591855158443
0.35690884773787,0.35672406160779274,0.34417126196121006
0.35457144968167825,0.34232402936202533,0.3580783164119094
0.35203767607556347,0.35711043330457504,0.3588830852833127
0.3551696044917538,0.3479564219985435,0.3521942260112062
0.355781982147857,0.3484287713418243,0.3622011359800057
0.3568128386103006,0.34906799049906867,0.3481070393567107
0.3539101384386503,0.34691639482658354,0.3667567133614339
0.3524615219311659,0.36158499840653013,0.36188750261122155
0.357751743346265,0.38058779313914276,0.3503769318209241
0.35354439764908313,0.3496845879282292,0.35971709196335117
0.3546966796455054,0.35979905668416273,0.3563248879096132
0.3544266307951499,0.3566999382929165,0.3497592456788248
0.3544802234901626,0.35295301153782843,0.3658490965790536
0.3531955121579341,0.34620508069868955,0.3589220293585952
0.3562208421761154,0.3630143504374135,0.350677649774693
0.3548980328007414,0.3583669038420268,0.35494330589113393
0.3547003689396007,0.3498524179797326,0.36006250773343557
0.35447691116329766,0.3530537206881775,0.3444550082719907
0.35230687693147933,0.36766766629256725,0.3545727171638162
0.353417960237144,0.34239307309302025,0.3453244232099033
0.35228368735745774,0.3431006735184037,0.35954329491054793
0.352430282367162,0.36016675812003507,0.35538361435737076
0.3516508821297074,0.3715999310731665,0.34881506339031954
0.35194534573560227,0.36576789861304443,0.35219929545644263
0.35574507497495217,0.36928162386833746,0.35598120728838906
0.35383923766325,0.3534609784731058,0.3555545707172013
0.35506526082014994,0.3584702085464803,0.3614254793001057
0.35394646217181097,0.3452676890031753,0.35972349466554904
0.35365552105578324,0.3678213821163517,0.3507030449866983
0.3550420109001618,0.35267424877827114,0.34979625755302723
0.35547277806540306,0.3517873713847712,0.3600070986091051
0.3545285431661341,0.35301016994674467,0.35293338894107407
0.35567341220613047,0.3481460938910622,0.3474144534912931
0.3524929514856523,0.34327049698488127,0.3515530631906266
0.3542827608311785,0.3647329575954564,0.3563310368748702
0.35384555191383793,0.3561961728256706,0.3425624906662291
0.3550358437836174,0.35474684192167,0.36468332231448086
0.35361559720995794,0.35824155111253025,0.35373499420200005
0.35403703552026994,0.35553164496462286,0.3556444271181301
0.355899765061558,0.3668445766725457,0.35648585622613027
0.35259422921227573,0.35861298592782076,0.34767118727914015
0.3532360047263709,0.3598331171565574,0.35361091006972395
0.35350809325280147,0.3541466808578605,0.3523735790535373
0.3527204275020678,0.3586084154265525,0.35410144876941047
0.3561559499076109,0.34375865501631847,0.34501392029170924
0.35269056978118385,0.34489837112914246,0.35537389445954654
0.35489727200243476,0.3620621508125797,0.3630593364949764
0.3540344242546393,0.3519943214192722,0.3395930100573329
0.3517773369134922,0.3496582804955079,0.35148723656031167
0.35532764389358296,0.3620015974912867,0.36184732699326533
0.3526388786987961,0.3561443982648346,0.3540327701247205
0.3541217343171484,0.35693299920233706,0.35118867592579245
0.3554616294627895,0.34898176499863126,0.3546144957853252
0.3543523521958336,0.35817843863440374,0.3629451774422574
0.3556600112270719,0.36278516022662166,0.36960721587710443
0.3545360573540222,0.36245228106576577,0.35771751407632824
0.35476249996886855,0.3491602488388974,0.352828341640801
0.35526261879104865,0.36970472844376484,0.3670325052346379
0.3553113485827991,0.3706716898171311,0.34639790209358384
0.35477112334990335,0.3443277029329906,0.34695357830462864
0.35666948835196743,0.35838061847251124,0.3597672861909359
0.3553796305826416,0.3654851721567749,0.3540232462496586
0.3526644750077412,0.34642338748647544,0.34743550776966425
0.3527153028597829,0.3558090832239069,0.3483111557232537
0.35423523200273105,0.36702171595983707,0.3582671032010937
0.35353661586857166,0.3656125317251507,0.3535271479552475
0.35183201519613044,0.3533490456287638,0.3534366719352248
0.35430582040858777,0.3739351781433495,0.3588511825680654
0.35248895889837384,0.3465264628356175,0.37271711248592654
0.353374344561488,0.36166417810950235,0.35387200395947843
0.35317529407338905,0.3438525597630865,0.35705630445026065
0.35337798647120955,0.3655030351120221,0.3449696610809952
0.3553371569985417,0.35440666719341074,0.34537475357236336
0.35143315457339575,0.3413863600161633,0.34464844293229246
0.3547281764739242,0.35843655749074754,0.3479353917514878
0.3533101333695965,0.36807319850859993,0.3470090398463315
0.354074733607497,0.34103577821810555,0.34975355420349474
0.3550656638201858,0.3498863183301483,0.3578862265248432
0.3533830976736472,0.34975497720506776,0.35814280738054827
0.3577185155513807,0.352885864208557,0.3753451508562419
0.3544037784387398,0.35870178343563924,0.36070563071977707
0.3536329881073463,0.35007155761291475,0.3570186121622791
0.3545304048268901,0.34739688515196854,0.3672390735131186
0.3523437504082023,0.35269970728818784,0.35172133887378604
0.35358157569528603,0.35916329414534537,0.3590802792449901
0.3536520712820892,0.34537889910635433,0.35858923370462437
0.355762378398049,0.3668855660150206,0.3475570386445732
0.35407833968147806,0.3449191155991738,0.3611191498910424
0.3569239737418354,0.3625531987633919,0.3524586511284006
0.3557722323665757,0.360160702352949,0.3507017786105198
0.3566759792382308,0.34621641648926404,0.35249780222548266
0.35529788229037274,0.36730842681797843,0.3622722474906168
0.3547360111667942,0.35354191888845093,0.33861558785147516
0.3533504962132623,0.34442381844614034,0.3696281509704251
0.3516364044417165,0.36532257931413786,0.372376598200442
0.35208571828644813,0.36310916363671286,0.35823175673182933
0.35633744852941457,0.3664223672122664,0.36174693038798345
0.35467188288696044,0.3698761435053571,0.3513127790881926
0.3532800771279168,0.3703842432364656,0.3523640201848602
0.35374225828507083,0.3617757055148239,0.35216936516386804
0.3534944836013692,0.3458824735560815,0.34327175789776554
0.35515862092967326,0.3634954513875797,0.3520940636013603
0.3538577203681303,0.3629065889121905,0.34981941373447395
0.3538020827433717,0.3460826648476337,0.3582495381431636
0.35347490021705624,0.36381045305450255,0.3492895277390976
0.3523801099744726,0.3685436299862048,0.3622387101136996
0.35417910865895236,0.3642157333231155,0.3440674437766235
0.3539352448996187,0.341242432054815,0.3578495457331975
0.354675361300538,0.3687417357054976,0.3359318838098244
0.35586577492154997,0.36897801315534395,0.35425150725474314
0.35449949528472735,0.34728293190592147,0.36632145716244563
0.3545617166032412,0.3498775641146967,0.36894886252082776
0.35654264205636255,0.337035068834755,0.3649516284497103
0.35741116119944366,0.3374088405435936,0.3564038790220154
0.35256739311646346,0.3454903203797203,0.34533296965636506
0.35408121634804407,0.35935329346159073,0.3604045342157516
0.3540468618470294,0.3496116778744882,0.33807365809137646
0.3529401100576856,0.3620002002052841,0.34797838207805143
0.3542574276916281,0.34624357626950686,0.3506896979237193
0.35620792723806555,0.3603973339461303,0.3399520478178771
0.3512807233301411,0.34219491744772695,0.34698033158655
0.35376402141334595,0.3556107589668201,0.3657332684800298
0.35500767129942956,0.34477548412400016,0.37783761318231773
0.3519904994233953,0.3504148316877306,0.3573719603724384
0.355683603128555,0.36000342679274683,0.35059927994756857
0.35569138305299186,0.3593794244087477,0.35193962705191456
0.35359711352299955,0.3543172954646277,0.3557326248987826
0.3518559151266469,0.36388069512288873,0.35634010714274633
0.35327468693387326,0.34849959637765104,0.35689569790803577
0.3539135852320748,0.34727083212797893,0.3485316427804783
0.3556067914883443,0.36412052595048416,0.36759582306910904
0.35424797436408423,0.3483918838829504,0.3546308413028297
0.3558402205051763,0.3680442845362078,0.3467622973337847
0.35432207222517603,0.3777690273320948,0.3520325862530699
0.35344506091627464,0.3399100549370387,0.34767643573328966
0.35378600094632306,0.3548059960764232,0.34312408590523025
0.35522584347045444,0.36617234137452204,0.3456554039192487
0.3523776886520839,0.3624071957240337,0.35262048502503074
0.3550366829226181,0.36444213936458325,0.3515194330687143
0.35410265565824484,0.3494428319768704,0.3634816631798446
0.3561788791773107,0.3342175229746093,0.3656901472816095
0.3567980514471492,0.35622755516011917,0.35199891170094855
0.3550859285539049,0.3388959300063978,0.3520867518403982
0.35397118598166655,0.3490532154268131,0.35704992672945063
0.3550288375352471,0.37459618806305556,0.3561257477525943
0.3536715763848907,0.36275275522644296,0.359955882692241
0.3525886298766841,0.36283916828278356,0.3472863754249462
0.3541997166358685,0.3573877903089407,0.349132533456273
0.3561180371974077,0.35777637228335174,0.3636339967281705
0.35582728912382644,0.36371731672789864,0.363269660960212
0.35739375613994995,0.35254826698396274,0.3574689484010767
0.3525738118654821,0.3685502847996337,0.3517475377927937
0.3523540189558939,0.34808319552923445,0.35054090048360165
0.35635043612073386,0.367458875391774,0.3572875738742889
0.3524015829317571,0.36133198335812433,0.3517635434581751
0.355148581559167,0.3597173615629743,0.3395927913520513
0.35307087860048636,0.35465429430738893,0.36053699631672803
0.3502844002620335,0.3418189887115079,0.3594733438205805
0.35424814391112536,0.33962776243734194,0.36598837742031376
0.35701760864943244,0.35209375912061874,0.3498265667558766
0.3555135154291042,0.3467200981660968,0.3519620204391822
0.3559472960844939,0.3451480718543529,0.354003995983841
0.3517431867456039,0.36171743441122345,0.3540401675166161
0.35361131526956474,0.37185146145490694,0.3524553325149833
0.3531019381690762,0.35677900827917314,0.347346905973025
0.35616430571065855,0.3510490041172861,0.36572843036334673
0.3560226600869971,0.3640127405333933,0.3480369253498387
0.35732970517668333,0.3521225837622783,0.36359502157529816
0.3556299516949836,0.35877116310415,0.3446876188061078
0.34950590299170675,0.3515102115750126,0.3526123321689044
0.3518451456138062,0.36164214534184264,0.3505096782316231
0.3542853165806339,0.3389187742988686,0.35371830465718074
0.3548214134409072,0.3729289376848323,0.3574333594745057
0.354411320492787,0.3416558209023444,0.35661623471098025
0.3546117843097143,0.3465122120029983,0.36726214357622367
0.3580632086893401,0.33454592969139574,0.364447214669073
0.35551936266420836,0.342842897703453,0.34858064404834826
0.3526524168699435,0.36052244717221804,0.359933263935971
0.34999881288278667,0.3594770609566019,0.34594941981548993
0.35321932861313865,0.36303504908131784,0.348169049192682
0.35264492473721254,0.3551432694667216,0.37166342409112957
0.35522753201179763,0.3538505653778903,0.3546653388880337
0.35436760083728797,0.35886881377570223,0.3534859829807131
0.3535030736212026,0.35090612857078995,0.3574747928621383
0.35432361576566834,0.35444242062029535,0.34715688105177545
0.3533603034454972,0.3630100881628276,0.3645160567517863
0.3575173810154928,0.3596119313481574,0.355496504816594
0.35601377041131577,0.3427010800136094,0.35705419976580716
0.3526324607038458,0.3552010235694122,0.34629222756445616
0.35474601473967193,0.35388970924291735,0.34163081586569655
0.355024144166084,0.34987702462511183,0.3623168238751816
0.35387362721648946,0.37526016647904115,0.34705640012646866
0.35243387537342563,0.35674289622292127,0.34804213809434903
0.35555608524652527,0.36893090409598167,0.35384467475422193
0.3518710607480715,0.3571961673206479,0.3459517899600152
0.3555267589112449,0.3639632944913938,0.347636336602471
0.3548193345554877,0.35522962443043926,0.3545241827913831
0.3536045924410139,0.37116855224886147,0.3471812659012409
0.35439713765056136,0.34805928581959344,0.36308487932086975
0.3564585512426325,0.3491346221990262,0.3620885069125187
0.3527209612216735,0.3612946049381938,0.3471895924022647
0.35238257920212285,0.35892456774535875,0.35136249780484086
0.3562401545232415,0.34476333000489234,0.3586511199910115
0.3544099762359282,0.3589512429535038,0.35448271777561
0.3523844953604676,0.3638336666413933,0.36480243432681114
0.3544277812815423,0.36219118130135286,0.3508073931505905
0.3561792175850308,0.36449224547616044,0.3570573179288109
0.3561305768173213,0.3585330334813075,0.3559758661482818
0.35545581736936127,0.34722441715568303,0.3474083374676366
0.3540659493732933,0.345881649905116,0.3505526653802121
0.35513873351477976,0.3642977802201605,0.3534248427307073
0.35693918665147256,0.3402555410821707,0.33891257485950915
0.35560706291276295,0.3567067849631476,0.34479406806963764
0.3526828010333133,0.3641849257919788,0.35351853890474577
0.3548389781184587,0.3484359561866756,0.3662602087878389
0.35432799865450537,0.3571262446140441,0.3523478441497183
0.35410941609658525,0.36843072499265306,0.3519464302943655
0.35651403112466573,0.3547057702629942,0.3533493963089675
0.3526975670246686,0.34393348723075445,0.3436319324537434
0.35430673807489826,0.35360706289223043,0.36075189185360595
0.3549483459115774,0.34606624364692656,0.3622689418309284
0.35677867541925246,0.35583996244590643,0.35862023970256834
0.35316162849226856,0.35394604800618407,0.3662945771435485
0.3527298408049087,0.35596828825922455,0.34411937150028443
0.35293242302496947,0.3453248333883502,0.3740640694386541
0.3548360423399454,0.3598314807435021,0.35511949211829685
0.35410975236561965,0.35699319628040765,0.3547051960771958
0.35389860605451423,0.3789453448824212,0.36227220532896054
0.3528023950072062,0.3476827993887376,0.34670845202225054
0.3525779837040806,0.3742445332931986,0.3525536185136107
0.3532238115049882,0.35477379813673093,0.34539875318398905
0.35628820443822884,0.3688088517544456,0.355881504391049
0.35434370992557834,0.3561744737882061,0.3559616432561159
0.35544019769066215,0.36387862718685177,0.35083099285956104
0.35708791800129747,0.33363082542395495,0.3681356388174779
0.3567442816028041,0.3385403405664175,0.35010013290996017
0.35153536164057625,0.3427523177230741,0.35518651655696604
0.35292729535645107,0.3566521463625811,0.3483170102366677
0.35222501486857194,0.3469741680365019,0.36133531241923894
0.35445876593334075,0.3550734401678991,0.35957137282061374
0.3544607247453617,0.3625011442340424,0.36348527284553944
0.3523394791749264,0.35518604595361675,0.35465965552785206
0.355836071597045,0.3562159856671569,0.3729290221402908
0.35493016529132154,0.36218741511692093,0.34020584639072177
0.35474168316084953,0.34894491438590935,0.35375726288834736
0.3516670718923466,0.35126262058093727,0.3473015061268809
0.35408837556222633,0.366701660929817,0.3558226090803059
0.3558845673246575,0.367740398123588,0.35139796672892826
0.3533489840247473,0.3601088274344762,0.34987004804478034
0.35773873867633416,0.3698719759707383,0.36239807800882123
0.3549387950703151,0.3380891397695973,0.3628920327684482
0.353063500701777,0.3508040176504602,0.3785120114918997
0.35160239160995627,0.3547110840479875,0.34628878656019874
0.3538294715955778,0.3652607812285045,0.34816013051221445
0.3552179692207488,0.35724411429426156,0.34879965466565416
0.35415338008703634,0.3493070143886433,0.3581173396540365
0.35397669210354327,0.3521888098525457,0.35564285501157994
0.35323447409980574,0.3329685267817977,0.3657779253545291
0.3553076774033874,0.36260727156868605,0.339379702803952
0.35504491813417016,0.3629576235317117,0.36020060425066885
0.3552893691261103,0.35414069352439026,0.3645501217265065
0.3520792615759193,0.3564651512110397,0.3627539446178094
0.35406822928453596,0.3592681986536116,0.34964629861305374
0.3550324708903911,0.3494453621896255,0.35718154313750006
0.35402919214069206,0.3626350424205885,0.3443267864935414
0.3516110514375154,0.35802321073670285,0.3593807886268088
0.3534874019318761,0.35380851367812793,0.3540595228123998
0.3540976176377934,0.3566437022995871,0.35460911426948755
0.3549033943300226,0.3667055928152038,0.3577119335357062
0.3514356641476652,0.35404908293848414,0.3646637670647131
0.3518675995734914,0.3557900525382827,0.34999660786082437
0.35782792480547404,0.3472102573886224,0.3469485237536564
0.3544879500827195,0.3485557312332821,0.33986571682577454
0.3524891353027314,0.3603468795886872,0.34433098932464823
0.3560755893143783,0.36419877949347024,0.34930723205504016
0.3529294672006476,0.36636389678495723,0.3568325271508872
0.35460380454764806,0.34696015613868986,0.3661217630754293
0.35493129686875813,0.3535442873303064,0.36517960100113905
0.35810798929253906,0.3525935933418619,0.3525514725662207
0.3528094786509843,0.36970443999771135,0.35242299404616784
0.35259337430087506,0.3567187843187763,0.3510553596446803
0.35538841282755207,0.3529308756407859,0.3686253930336065
0.3528827267750907,0.35929066003345406,0.34731082145183956
0.35406864291448936,0.36457342277625604,0.36100814462129927
0.35259598804477565,0.3481521187422432,0.3560340843773188
0.35276233213858704,0.35635457883741295,0.363396030071193
0.35191534971909355,0.35135819730218204,0.3438665860763919
0.35298238711843616,0.3545185684544967,0.3477568173647593
0.35247372722647624,0.3633568012679611,0.3453965645772812
0.35322553934708156,0.3612703949618583,0.3483938700869627
0.35324186257230894,0.35821370670357405,0.33421709485914064
0.3537858630272225,0.35841677496738966,0.34788868248488325
0.3532715786214978,0.35821075893541177,0.3581409996528204
0.35347343406505227,0.35707822153272945,0.35971841020442014
0.3569552887614448,0.3650436499324982,0.3635356349396821
0.35523784191792074,0.3413135653086202,0.371685747667683
0.3539459329682241,0.3585292982201137,0.3500417166394274
0.35288860799601157,0.3630971769634678,0.36284370664570037
0.35371403834304915,0.3633906307474733,0.353943535108344
0.35425471370983647,0.3575451971988329,0.3722411498639533
0.3559170047961729,0.3716266131567499,0.3453610953105957
0.3554194463854555,0.3507724954253781,0.35814513440639956
0.3523948565338766,0.3466494496985094,0.35316958519726127
0.35611544550886076,0.37992233150746035,0.3602746834692433
0.3539632896856294,0.3544852431065936,0.3510297505325547
0.3544889005842966,0.35951747067615925,0.35506089090774895
0.35472184885831615,0.37329239110195817,0.3580226683026134
0.35206341358140314,0.34226503310961104,0.352136894654284
0.35407729318554443,0.35002524112327166,0.34771781545797636
0.35716700726207146,0.35231763895171136,0.35390308973015594
0.3559101325674629,0.36391947448962364,0.364195465883555
0.35528418974607784,0.3722497117060751,0.3656105681641118
0.3573759729966567,0.3477708584527372,0.35214895787489303
0.354905593984381,0.3471230031733547,0.3505883794476954
0.3533061795950021,0.36403081175496305,0.37187227756059416
0.3528947831081181,0.3591899061895243,0.3475197651774102
0.354373038712591,0.35808379981937893,0.3602104581797441
0.35314490185374847,0.36105364512728516,0.3418901232466446
0.3526093155124684,0.33663589762054646,0.3714887969833341
0.3534431225199835,0.35507168641167375,0.34137492280986065
0.3544441973468319,0.3501765018994732,0.37461188825663
0.3533528489449422,0.36256066899950956,0.3455992533093887
0.35279727846374814,0.3455737421032245,0.35002235943732
0.35134548657319525,0.36337365456187176,0.3545838038439745
0.3521063138206351,0.3582926798892006,0.352026374181039
0.3560446836920341,0.35076363535140803,0.35556726311168474
0.3543126658863056,0.34443678444853826,0.36214807143031763
0.3528148083804858,0.3723520249109633,0.3599432840354191
0.3530733249740393,0.3602952321251601,0.35343879763684377
0.35220975544003763,0.34792092557126864,0.348476433911615
0.35395357742589506,0.3654617945513489,0.3440837517494654
0.35524583200985044,0.3478002028450761,0.3476167910193506
0.35657664452065,0.35628808459183664,0.3497204568491316
0.35427669113039884,0.3447204961381467,0.34889287940954444
0.3556458978292846,0.35930415973130525,0.3537492340712747
0.35615326007637804,0.34910593537293516,0.3505546048326432
0.3554453982033735,0.3663040803618584,0.35608600898896103
0.35395924144562685,0.3527012904265288,0.35911451546191864
0.35666247941898854,0.36576807998405847,0.35490863183929844
0.3519855875244217,0.35124891849134393,0.3529604743155949
0.35750348576336244,0.36876452485151107,0.35424795881594606
0.3531966575784746,0.3385408117698006,0.35446223530900084
0.35163918220242446,0.3586909089850326,0.3571401801808657
0.3563609143399591,0.37790269693080863,0.3663302033251182
0.35401379283195356,0.36556179614753337,0.3521869573989176
0.35200820364726837,0.35188262863398984,0.34804861068757403
0.35414134020742755,0.36741000876120805,0.369230535485539
0.352487723011106,0.3550279987827835,0.3530490489762968
0.35250950149478477,0.37158095713367634,0.35378267728781626
0.35169452485534725,0.35718572970323653,0.3606481288799367
0.35431430935693603,0.37563082672348574,0.36542425510599075
0.3536993039017873,0.3611344040165648,0.3441739207572528
0.35409813661252065,0.36852719770146364,0.3566952926576819
0.35302868299906376,0.35921632124903047,0.34806256650854733
0.3542017348173717,0.3516689333440397,0.35038134531926396
0.35074171513887487,0.376427202666951,0.34933302035716923
0.3549343852251092,0.3450579487732852,0.34980039590667944
0.3529752857463765,0.3666563840389773,0.35149470053073456
0.35415397757478206,0.3552155278166354,0.3624399476625957
0.35305832006285076,0.35730166747412073,0.35088576419602985
0.35373659352711223,0.34459167672253416,0.34796063810546896
0.35264615566709456,0.368180628992954,0.3496147994682905
0.35490331554590354,0.3536260210252932,0.34369036138071185
0.3543028819794053,0.37828221231566406,0.35905449498850206
0.3528912192198898,0.34896098644316154,0.36189613606580207
0.3540155067144949,0.36361109868915575,0.3576410916741427
0.35469439661176116,0.34530107446929736,0.34268632758848194
0.3532176428153406,0.3383023370886787,0.3487906942972813
0.35645421892267865,0.3550524621162781,0.35427419182309766
0.35355496744276615,0.3522743784323599,0.3694632784449142
0.3537678418956079,0.34534720986599915,0.35866266485138515
0.3565641372595529,0.3514595529056838,0.3611331600530352
0.3542119642154344,0.34970567614766657,0.3650408603019875
0.3511387903005817,0.35950691800181,0.3455539970184428
0.3532549193016663,0.36322004759312604,0.3592837548085429
0.3537970510501267,0.35836472816866305,0.3495234990368692
0.3531832054459597,0.3570901405868032,0.36269844127991824
0.3562457732339304,0.3588551301084012,0.35366748958406435
0.35779468609729753,0.3497927390368847,0.3459084744091396
0.35507847991555813,0.3643804712511303,0.35600964115258843
0.3538335543029499,0.3295472728140308,0.35600724546631257
0.35448337446335515,0.35927645411654885,0.3583310299249168
0.3551011285478688,0.3641800719639916,0.35035646425647504
0.35777164273354334,0.3365748957713887,0.36119733958243494
0.35158534882063025,0.368885154518183,0.348448364007057
0.3534492106225829,0.3610885743929163,0.34951003525857804
0.35255894098132523,0.34923053824394523,0.35904104658596847
0.35297465173546194,0.35458696414495133,0.3645409258789377
0.3543265050270658,0.34982854978499067,0.36322330624720794
0.3520154839749181,0.3507075703911328,0.3486368602363983
0.3496857394039695,0.36583861773006704,0.355128356605162
0.3530330083513274,0.3398675338723688,0.35270396708802615
0.35280622415414975,0.35031539295918823,0.35938498186067064
0.3537019166481198,0.35813593128867643,0.35080577706245614
0.3546141323115548,0.34054911917903197,0.36264563831160174
0.35294106054764407,0.3659307369121592,0.35068029480595647
0.3551234941620767,0.3423894288712773,0.3495754677090032
0.3556688299789342,0.3475949162519297,0.3669683896054852
0.35521680851585397,0.3460811575831108,0.34510752516442966
0.3543264888756474,0.3515507768535416,0.3520038868981425
0.3531197959948543,0.36194055161006194,0.3536808138689185
0.35560926378611496,0.35368863402494893,0.3535828593794481
0.3543617184653933,0.3482701407892501,0.3475133309697879
0.35516674573592166,0.3497888553651246,0.3498604934508699
0.35288687457734597,0.35912525483885616,0.34144292619407185
0.3554070843086247,0.37252463253078283,0.35139108489242565
0.35482939025901555,0.36505053960760575,0.35676621632476
0.3554598102280694,0.350063039254904,0.3590634515084141
0.3559856617900127,0.3406817658059583,0.365544401065796
0.352948778389394,0.3525966956984904,0.358501356196361
0.35543399050640084,0.36373311484464954,0.35826463920227675
0.35403679130711285,0.33787087724291215,0.34791704287607694
0.3549246754632366,0.3528768446857074,0.36219360770474923
0.3518296551154526,0.3486068716628664,0.34435308064797693
0.35112026127630885,0.3789438472374754,0.35024575823025
0.35343389240266854,0.3570610920486598,0.3507042367519177
0.35372971088755334,0.36189946314962984,0.36818371634521513
0.35242749563040005,0.3646887690791733,0.36301811585044885
0.35528849696010956,0.35733435490832216,0.35494843155319644
0.3522292733110965,0.3478046358216074,0.3448395696560801
0.3509441917556677,0.3503280108507959,0.35167802802300485
0.35467126433303436,0.35666288896228404,0.37413573090198937
0.35131067466382176,0.3483894056751759,0.3518809138692024
0.3506864812400891,0.332542032476745,0.34801774760539644
0.3511182899396119,0.3523275825852371,0.3512669105239008
0.35652168620653324,0.3666787023371538,0.36202244117357224
0.3552087408796532,0.34185244915655794,0.3667525028618153
0.35301143252600725,0.35600613397304537,0.3547639885083231
0.35481527184780387,0.35522449323637056,0.3453675505346695
0.34983697221909527,0.3538076106537642,0.36478923363059734
0.3525388269877971,0.3424132892732431,0.343400970723741
0.35281719126558553,0.3601403732695795,0.3489937685957812
0.3528698243573216,0.3445958229810809,0.36110391456230284
0.3550253878943619,0.3611746422317204,0.34476818899276174
0.35477828065756617,0.3579839717795791,0.35222154568385766
0.3539891666195202,0.3445287064784744,0.3449145667456464
0.35466404829793324,0.3465047181217609,0.35462879158211985
0.356118166476158,0.3674237046621894,0.36004682407468674
0.35426363811023065,0.3598409719194131,0.3718359159659663
0.3559095249968255,0.3569753723977825,0.37036343775393676
0.35345541651681556,0.3488274841248181,0.3516441052253737
0.3539498794516467,0.3481111800120734,0.354160469185127
0.35398208030245865,0.3417784123170801,0.3440623354636199
0.35645811476220657,0.36228996718335515,0.36010363879881413
0.35483589337901156,0.36495259944597025,0.36668704594172935
0.3574761024991548,0.36028482086489344,0.36243812376497136
0.3558153169596237,0.3619783908204759,0.351781340980784
0.35413540015497597,0.3546263516949457,0.3599302386753279
0.3561172545518687,0.3653214695929762,0.35881521514381093
0.35427966485155027,0.3434931404648719,0.36058946338482206
0.3501282567619337,0.3421063891629665,0.3571816025083848
0.3550067655716859,0.361565986094643,0.3643891724823105
0.3564793213279616,0.3530728507905123,0.3477808671865266
0.3546281148291112,0.3495477299126164,0.36311622579274466
0.35295020242857283,0.36333507026469547,0.35865150035554166
0.3520443710127665,0.3511890025429617,0.35286162055178916
0.3537027227077237,0.3751652007747925,0.34177299563198776
0.35311699077892406,0.3514810558926418,0.35059994981598663
0.3518843485215417,0.36852315966390087,0.3538798697847747
0.3567274547778928,0.3631003251392461,0.3446722547581213
0.3508506713709201,0.3475206051978469,0.3476960292532432
0.353150301192473,0.3673457663245393,0.35519709679667183
0.35234396811602814,0.3526226279623317,0.358656723186747
0.3532160547275518,0.36604637362198444,0.34700489639782583
0.3547010924502838,0.3624912834871284,0.34530314265983575
0.3530428485895095,0.34906872296882635,0.35705076463045987
0.35402699491842554,0.3531572084179733,0.351019311544716
0.35533027358537794,0.37304585341495483,0.3642103622647206
0.35501029062072925,0.34135624537334763,0.3761570851376666
0.34970885607818397,0.34865527211902597,0.358431769836586
0.3550417078123786,0.35976686200236224,0.3538261997937006
0.3532805171579303,0.3491275276547623,0.35633143284317126
0.3529183321932089,0.34493121554852446,0.3506585193506504
0.3553606756862012,0.3531980187428309,0.35054892767395884
0.3513092005983523,0.3554855737680947,0.34871165380969743
0.3543422833488014,0.36375169377863364,0.35285944932482693
0.35125528774790193,0.3439291079567294,0.3444812438442718
0.35555694037963465,0.3516879219655695,0.3527487903356634
0.3529928903861752,0.3672368675936766,0.34548176792559626
0.3547842086170324,0.35446390565445546,0.3640200210012128
0.35250920571431654,0.37009906242730173,0.3494292492073033
0.35292309656014204,0.35822025967589866,0.34805626895122077
0.35682607384369264,0.34803363641323387,0.35690994392344255
0.35586638250232194,0.3548542370550451,0.34577137390605156
0.3535419604334553,0.35529854721628473,0.3595861143225078
0.3520709499395998,0.34337014117777676,0.3632939076348495
0.3555761191865216,0.3540017512994523,0.3538284477730177
0.35282377356760325,0.35101276388613817,0.34676796563402756
0.3500435145603287,0.36203023272607526,0.3557269860331679
0.35188583523971617,0.34672102101084834,0.3557460531582388
0.3534671353538383,0.3485367006425482,0.3644410609148435
0.3539105583175973,0.379646723927842,0.3517667435315349
0.35345431569409785,0.34471174570476476,0.35352984563997375
0.35494687987366363,0.3582098987645913,0.35617324886736756
0.35429077282434784,0.35371422427545623,0.34496181644471885
0.35467680557245873,0.3515723517083003,0.3433304165060675
0.35302835263110754,0.3808343186890954,0.3584594861534928
0.35531633953410413,0.36265509778925387,0.3515001394170999
0.35347790509223587,0.3685253997019141,0.36458771252971417
0.35279798947152613,0.3686676494021781,0.3484585058380974
0.3551929539779871,0.3454761063839922,0.34862472940392675
0.3552077774834294,0.35204853496334565,0.34033840788808556
0.35065423819742303,0.34505508841930255,0.3637467276837212
0.3532548849312962,0.34218597178333154,0.35588069774148706
0.3541958472703477,0.34826592303105885,0.3466250766134342
0.3555612572035511,0.3602369461623131,0.35676678251362615
0.35753006766275264,0.3642467033960598,0.3571789301486627
0.35371972407736985,0.3540954319718446,0.363541244560713
0.35439862666269056,0.3600161478415331,0.35614660139815846
0.3519514914378766,0.3467232562699186,0.34226378016556175
0.35701713318268935,0.35006067694203025,0.351115672603961
0.3579871833919688,0.35903778626641547,0.3527940818838975
0.3532596559196044,0.3450791561104654,0.3580173883088759
0.3556227753467739,0.35315450368451734,0.34852974565132044
0.3540840220629358,0.3365850287475916,0.3493057483298964
0.3549038898210078,0.36278608552743613,0.3562186343614939
0.35764672475508374,0.3604428919545062,0.35187152959268403
0.3537461181631544,0.33998949534173073,0.3478025990014964
0.3523219060278696,0.35029420601733485,0.3598917143597394
0.3549481533600161,0.3681023838603988,0.3467919870615439
0.3538261446909073,0.37003446854673744,0.3563893317511903
0.35234416881314456,0.34993483858272706,0.361941580471994
0.3559801507216097,0.3590763607496875,0.35015936086460786
0.3559711217550449,0.3702807417115252,0.35534238397400175
0.35269702884883536,0.3602065271138956,0.3531344557603044
0.3550040356925823,0.3540013411215984,0.34721589292721455
0.35338429146648964,0.35837682712332875,0.3573585867431914
0.3504896381885756,0.35094108633514465,0.3741097810857146
0.3545442543336196,0.3606444694432942,0.3678660967563104
0.3524426365434646,0.3436915678311656,0.36255126706917357
0.3538070712448404,0.3702280572659858,0.3526338086779576
0.3559834327453945,0.36014559402664575,0.3580009672816785
0.35643729196500534,0.36463308404994776,0.35716173927908956
0.354236394665439,0.35514148103917415,0.3420392581040703
0.3531655804334976,0.3747243903622808,0.3538971389644975
0.3540769576289051,0.37144922179982137,0.35244803401514263
0.353581315963092,0.35019371541996575,0.35181103549271686
0.3532093032119363,0.3536206427662921,0.34367537009756866
0.3582460934575047,0.35286161967461366,0.35650919855252006
0.352489258009462,0.3476297419040195,0.351128092132488
0.35390193106542767,0.34590191126176445,0.352120855031997
0.3554095091600409,0.36662997818844767,0.3686283577515687
0.3543919944116748,0.3436926724320231,0.3482538468818694
0.355228078637513,0.34189840395377114,0.3491592839928546
0.35667996462937124,0.3648083134013554,0.3473925070067778
0.3540532654780929,0.35350387191369603,0.34737159287523256
0.3529378146103323,0.3623110974906153,0.3560841204651571
0.3547106109298019,0.3471786937545226,0.3495763175596691
0.3569475750762725,0.3486116197006287,0.3677472040559139
0.35468114262170397,0.3530686089091741,0.3613631945043487
0.3545053369919024,0.34415609233146605,0.36556295917180676
0.35533582891359367,0.36403624457924105,0.34650088660697237
0.35518904791653605,0.3547882180987642,0.3509755117090108
0.3501405484571292,0.3466099968206842,0.3534344413048967
0.35422029455662113,0.35486308301325165,0.3522020393941013
0.35671435724714645,0.34062526974772284,0.35686841207443715
0.35413648601640363,0.36658117178929595,0.351939209864951
0.3526245290966429,0.387791916012819,0.3650561500583567
0.35563016067780184,0.3510053272980561,0.34313758211330936
0.35613033430688446,0.35855308397247115,0.35734049481648983
0.3539229333552586,0.34104813292961983,0.35758210442983823
0.3552137729039092,0.36060658916437754,0.3644597431548036
0.35117710379648964,0.3673283538593909,0.36499134339095657
0.3528401999466655,0.34193688483374934,0.3559901944088415
0.3536219760472602,0.3628034391654114,0.35528811382593245
0.3567408883191101,0.3566961266895476,0.3555409837202729
0.3544819424132861,0.36714789118173147,0.3423944652619265
0.35491897012474666,0.34287623576983717,0.3681424723797376
0.3554939801662067,0.3586874774041314,0.35174223119616865
0.3540654560950168,0.3624107963130084,0.3476038467155899
0.3526148732065866,0.36195637390383884,0.3505652905440634
0.3541329599848654,0.37149892376151156,0.35272036016992175
0.35779290473328484,0.34911908675853776,0.3673482529301594
0.3532211237095552,0.3344179354794473,0.3557114009324723
0.3534689420853793,0.358245840332219,0.35598646806561207
0.3554845393023919,0.37104069104590354,0.3705839685847481
0.3538549221798317,0.3549046290077356,0.3546470450259836
0.3554955923233738,0.33998295909981696,0.35111614887053555
0.35385447516445606,0.36669157505480066,0.351563902802999
0.35419854098400155,0.3544277760305322,0.3596152130636588
0.3545611386993542,0.3464955291490376,0.35054338128332363
0.35407456979680685,0.3689192663561607,0.3473691988853329
0.35358841649373784,0.3392173767853764,0.3727402381493526
0.35142164866463177,0.3670127662921264,0.3491240250615761
0.35643780782525397,0.36085361180782116,0.3590179950413594
0.3544299874200771,0.37851791778478,0.35805547116493075
0.3537398782416743,0.3397289084468721,0.3577908377655869
0.35716773398531926,0.35968058304853795,0.3535948508694275
0.35543250045390373,0.3530725675164425,0.3462202418420304
0.3558770213403666,0.34382664812162195,0.367397526604479
0.35263289106580015,0.3488840920722028,0.351627887606306
0.35721623461916796,0.35517622667588666,0.3530601626566518
0.35619411353629954,0.3593050671272392,0.34988067890602353
0.3544768647798647,0.35033728656832275,0.3539964468393153
0.355786870314512,0.34698795271903643,0.35642065466378575
0.35140321316283873,0.3622286678424295,0.3501704931398922
0.35470580301686294,0.35611909113867046,0.3430146356066448
0.35363630637437465,0.35162435640994644,0.3492364096657388
0.3528256650034858,0.3690248672826899,0.3508615783648756
0.35584102620454944,0.3645101135357832,0.3462841018162681
0.35274058837749644,0.34159632636013726,0.3541488190461215
0.35230038376585243,0.36169035429187196,0.35343385934557975
0.35301683638159354,0.3449817020548426,0.3561828701234645
0.35339920269813074,0.33773051421942013,0.3571686443160465
0.35427006988366544,0.3498954104253269,0.3451400946171084
0.3543971489484143,0.35072721917824873,0.341443716710513
0.3535906178779034,0.35195774190318163,0.35273621494142987
0.35172107964810573,0.36919377316788193,0.3492058272262326
0.35321404833561504,0.3476709474744276,0.34141907648607833
0.3557667751373247,0.3662050317666083,0.3540948738458522
0.354635863681884,0.35300250041576736,0.3651251588137223
0.354752435788862,0.35891857249261205,0.35397671623344434
0.35658295461166084,0.35837715627691896,0.3601107891167332
0.3517794641693108,0.3709039053156397,0.35203150818436885
0.3532764226471742,0.36149353085886543,0.35655160637905997
0.3532406149207216,0.3482053387247255,0.3599918920092147
0.35611509713766054,0.3554240430525773,0.36120745598796017
0.3557631771873284,0.3536059872667169,0.35380626994742453
0.35458827015111816,0.35876654941737424,0.35015320300854186
0.3533596032446462,0.345560657588448,0.3534558736872354
0.35345173645449063,0.3691489710235746,0.35382201766326665
0.3515601818343795,0.34789759151837496,0.3476161828079148
0.35230582675460725,0.36987877841269734,0.3574646929882448
0.3545230759915052,0.35925560487253433,0.3541898199335091
0.35417985038505595,0.349569800526858,0.353603810837254
0.3530369288029202,0.3375483274559281,0.34993419252367974
0.35354071923996955,0.3404524420832772,0.34394311375705444
0.35206456725317636,0.3523601554610058,0.3577094363315389
0.3532810737367615,0.3428236350439747,0.35345314427709845
0.35690785742240555,0.33969625034128176,0.35364635397596483
0.3570654128070245,0.3500661732860376,0.35395578255623555
0.35509364730473053,0.35153648734646414,0.34940474386545267
0.354597515239096,0.3518486612884466,0.3468344132405143
0.35637081855058256,0.3619843964953909,0.3480884265216173
0.35462230652921345,0.3616139929512112,0.3300776045339273
0.3537016083952267,0.3450037551781359,0.34511962621961817
0.35367417000300994,0.3519718613588523,0.353880335708591
0.3534015686369822,0.36641862982637285,0.34808331679930027
0.35231574069896926,0.3685780549251973,0.34926978661149055
0.35454867749453367,0.35115226039352254,0.35779201168361163
0.3518212219535923,0.3669895464177936,0.3506642171408132
0.3539004126527384,0.3655806726581406,0.3575870033347998
0.3550601495557506,0.35081178535852997,0.3548266041702049
0.35348683359433775,0.3542619354380196,0.3570913560202788
0.35627984373932753,0.3578389163349378,0.3434480151183791
0.3535874603179658,0.352989351037773,0.36060214570754856
0.3551176233081392,0.34908999405096036,0.3526175593427257
0.35484817247668216,0.369881220644015,0.3534217522333738
0.3546002999979037,0.343015973031857,0.3539791949248435
0.3536412209311953,0.35268641033697734,0.36632817310199955
0.35496503447951544,0.3501498584353666,0.3572726362161673
0.3559768565804885,0.35853778514021534,0.34659775187106173
0.3563780294659753,0.3508021184103157,0.3527862484374695
0.3568416537101973,0.34975350499906144,0.35520505252773243
0.35192001444120596,0.35605796271665924,0.350798819115461
0.35482644647633504,0.3565982796192119,0.35255636975121346
0.3529548551207286,0.34354596987765706,0.36552628198780074
0.35690472087177805,0.35001675304430935,0.3630717790082029
0.3535653354969497,0.35603277214873325,0.3570386990606748
0.35504900019822416,0.37087379502834483,0.3720372889982316
0.35205638000876005,0.34053737207207824,0.3616187781790731
0.35430164361851446,0.35795813225930545,0.37215901760821074
0.35341596604393183,0.35995470669275825,0.34881764430650075
0.35483062674680427,0.3643738672415091,0.34877145068846577
0.35452364368023803,0.36233927769230584,0.3601286094785502
0.35208709608143796,0.3550593981749575,0.36326662019688827
0.3571899390379506,0.3466276892527654,0.3477742603576146
0.35365057089572444,0.3496576092131286,0.3591368457068655
0.35259742979006287,0.3634460788317021,0.351902694547724
0.35303324507217326,0.34717218459740434,0.3452721050624924
0.35509280527403636,0.35344982674481146,0.36180884258187973
0.3542313106325758,0.3563071846035959,0.3529512096084056
0.3531119740331457,0.3632494207758269,0.35757699902669654
0.3539154160798163,0.35053119624452794,0.35805680261175515
0.3536535027520333,0.35363973918993974,0.34792863778277827
0.3560721898232499,0.3657922450171597,0.3568707179982597
0.3526152255712069,0.35884279485515697,0.3465628094363861
0.3513111579477964,0.3576050002324296,0.36115315732317127
0.3561580323325026,0.34080118609866256,0.3660533971666687
0.35394213702510696,0.35559599583907003,0.36358426571032065
0.3534399750063606,0.3508118501077768,0.3488722231651115
0.353188715524453,0.3615200779324898,0.35418426181666796
0.35490664295940066,0.36418595023051137,0.35850801344052036
0.3507278574061958,0.3574778108070211,0.34675283036094556
0.35311059383212073,0.3349182185840396,0.35141775999218205
0.3548335292599415,0.36175331819454176,0.3461861008419841
0.3520032313577093,0.3538727161886895,0.35847695609739555
0.3533259987513581,0.35192445274520817,0.35493119178345
0.3552656297756486,0.35930636311211245,0.33973171070285163
0.3538417437305883,0.36265016219889684,0.35164982065682954
0.35438700635860526,0.34686341991617203,0.37249591411891136
0.3526659601462179,0.37074207920347013,0.3509228204738196
0.3539784057156041,0.3463003283949578,0.3373795322552901
0.35095431887842987,0.3577978090733821,0.3458885856623532
0.3539106487199407,0.3861194542051377,0.3502317257531526
0.356384236412849,0.3549161423313713,0.3607604960766447
0.3535140076040795,0.36888631601080135,0.3586743199383354
0.35499898762661886,0.3549854767883744,0.3480029332269899
0.3570057367018791,0.36199451685613987,0.3513251913280867
0.3533422729579911,0.35292194524971343,0.3584235259817733
0.35552363371244594,0.33865798789487966,0.33784979814077076
0.35285866288184614,0.35439576346134843,0.3511501245772749
0.35642921336379496,0.35103066413384604,0.35066565377342845
0.3546787816596361,0.3668801116861692,0.34759459353180183
0.3561412741703543,0.36680101859809794,0.3540950153481987
0.3530525968656516,0.36271022636455064,0.3611358147765706
0.35290688863183856,0.3482121804172955,0.35969449396438924
0.3545042034897959,0.3577017623119408,0.34691966217219833
0.3553870642618189,0.3541428517160531,0.3458389577920458
0.3552606165185808,0.3576006581581629,0.3559482104244755
0.35122637953176034,0.34368587074398715,0.3562764249869811
0.3571806161586365,0.33759713156763255,0.34012466812589653
0.35358818728709807,0.37401681652875407,0.35261101244255244
0.35303014542764893,0.36491986769786355,0.3513790412262575
0.3551729461382165,0.35684551143613846,0.351496385150315
0.3538844139256509,0.356966107105917,0.3531896857549741
0.35382959620372617,0.3484620478944968,0.3540955663069186
0.35662050349245755,0.35708452912447824,0.3476392432474086
0.35397240080009496,0.35271327133609964,0.3711316804037765
0.3527545317558927,0.356443518383755,0.3470917441831785
0.35285203630255485,0.3654567211288036,0.3397984929035126
0.35557850975450767,0.3708941040109051,0.36206129221504413
0.35566204127281276,0.3683906014889165,0.3428220492003993
0.3538589884706815,0.3767143107135834,0.3603542710329335
0.35340500702451244,0.35073570520095954,0.3580743188267961
0.3543310894945465,0.3602104037611575,0.35540266460353565
0.35632390937346187,0.34463876454346654,0.35014727146933877
0.3526765371024541,0.3532095419369224,0.356521133405029
0.355606222085984,0.36135257596159004,0.3537771358173078
0.35474849516407947,0.3541437657385564,0.36281418615554417
0.35557636480597354,0.34555002654976086,0.3411503600286173
0.3545149051756298,0.3546050598390443,0.3607520326709693
0.35491925031593197,0.352277947038803,0.33920786314472845
0.3536428537808933,0.34619656666979937,0.3569214041963222
0.3534741741888611,0.35598453869240404,0.3481035459308565
0.35421011522783086,0.34902225062858006,0.35805559802474923
0.3549144329533269,0.3640242350669434,0.3396280876378046
0.3529375674829115,0.3639793413339933,0.3480872940881157
0.35579030006641854,0.35695173564789534,0.35427331950461166
0.35471379312242224,0.36632780501234946,0.34501305774890034
0.35530187353869613,0.35943492423776285,0.3455572342759055
0.35324086556902734,0.3552949878210157,0.3513761049595949
0.34992039963701727,0.349179602722472,0.3638690688894773
0.35291519453981246,0.36163373482587874,0.3625265718333162
0.3540865538858823,0.3345249625932967,0.34854128693529945
0.35487574428324514,0.3485386211127871,0.36222841566349057
0.35377562517189654,0.3623183506377218,0.3549705417400911
0.3542367017370516,0.35732898094316323,0.3607336810295985
0.35571691989774085,0.3471683737866761,0.3532659138474911
0.35303246773514874,0.3530877919225763,0.34917488120824997
0.3552477888077766,0.3354219581366227,0.355642361403413
0.3561698129123874,0.35329273087381863,0.35929900851304597
0.3553540929915342,0.3544806946658903,0.36131547737239716
0.3564920348269866,0.35098665487067615,0.3410187050022837
0.3551524777238606,0.3568635065324643,0.3452845091086764
0.35208571792650245,0.3502366287058543,0.34547031602262246
0.35384973705751444,0.34811142383023763,0.3508965675103722
0.3542631975945843,0.3508928333715437,0.3558476221773284
0.3545110096368048,0.354871917743356,0.3551434555779097
0.35625112856714175,0.35777776521836496,0.3694324535372268
0.3520706096881293,0.3473376073731598,0.3601045464141757
0.35552609361986826,0.3466695277997559,0.3579893612589627
0.3549860579509014,0.3660708857595886,0.35647356390885726
0.3560453546557767,0.3578210215264332,0.3458840159273906
0.35515416299909414,0.3525368683450858,0.3580898355035856
0.35707385262840013,0.34461225422743197,0.34958303082805586
0.3531138019307199,0.35345335040419096,0.3476083083720647
0.3548047187453493,0.34816955488200513,0.3433680383634386
0.3509488988730301,0.33810201777054033,0.3413439519734538
0.3529230022887583,0.36107245857215625,0.3527100389360164
0.3502310094552211,0.3666219568099252,0.34836268778214635
0.3550560035107756,0.36037150757933156,0.36114589059241503
0.3542037714256721,0.349408543045969,0.3630662664932235
0.35169922700257217,0.3551290620091772,0.34951667831087835
0.35457417631966415,0.36303323365423656,0.3519300784800331
0.3547563869409765,0.3627719132008058,0.35438713381565884
0.3513352007197913,0.3787333627613058,0.35192716766992366
0.35242445953537593,0.35768673696799685,0.35456143547296354
0.3528117788550671,0.35266101596877464,0.3567363504330476
0.357156178116618,0.3661538025402299,0.35536404316334264
0.3546973360999517,0.34957973363031425,0.3509460379764686
0.351737413414934,0.36425735724912506,0.3523866289719251
0.3545974847099937,0.3641524264042539,0.35003121323452474
0.3552440297617415,0.35871149978422107,0.35371613157278287
0.35668993812169625,0.3500708254486047,0.35505851224428997
0.355929548115896,0.36259779957163385,0.34252297363916107
0.3527723073140823,0.3479142581857234,0.355916414251788
0.3543611149272608,0.35109848355598555,0.3560406634885722
0.35577654118248425,0.35768931121964076,0.35211380763396766
0.3559035209379335,0.3525508080804621,0.3425727958379472
0.3546113924668488,0.3608300268391407,0.3629088529013442
0.354203171685073,0.362163447946539,0.3495753057421294
0.3534831104050828,0.34643359993602396,0.35215213602298956
0.35428687481168597,0.3469573015840625,0.35242992581862637
0.35384153972079985,0.36785179315944566,0.34128158315491625
0.3546438822420732,0.35911894845571574,0.3647078928085173
0.3549120683454859,0.363173479779173,0.3642379191368622
0.35511978135173533,0.3637982716418191,0.3724896011099697
0.3547462978590906,0.3437432097823895,0.3664386538400684
0.35553863023960947,0.3567021032044858,0.35076561387820276
0.35595039378866367,0.341480161224357,0.34376304765974247
0.35325124920192347,0.3590773335011328,0.35953613549403135
0.35513964646025026,0.3629046802090344,0.3458579084563677
0.3515448295427419,0.36407209557625564,0.357572038088905
0.3565030591953911,0.35611583155948673,0.35328347600224996
0.3534309131097846,0.33459596417210874,0.3580777924678051
0.35419111860262337,0.3605052817250528,0.3475846100179323
0.3527399147552508,0.35458691240951545,0.35233953039083693
0.3525534393171956,0.33423917704646733,0.3529842073256171
0.3538126074898684,0.3599298726551913,0.35645558814681194
0.3512239139803251,0.3568172215123588,0.3504688692065759
0.35717955457668754,0.3428076454312687,0.35034762326379004
0.3550095789884025,0.35542146295867894,0.3561576028827712
0.3551214419336157,0.3531450334709027,0.36100565813961705
0.35542891889135675,0.36210921267387525,0.3536521583143335
0.35421723993288434,0.3730491236515008,0.34401790886751493
0.355804117648435,0.3498134877093658,0.35422250570043756
0.35375184740121823,0.3601074636789415,0.3494851036342549
0.3522732483211275,0.3493951312542963,0.3436339010426483
0.3602487317967789,0.3532654878061534,0.347458659142385
0.351483446959445,0.36181571206619945,0.34983290939020034
0.35506487966380695,0.3632432861286265,0.357928833251185
0.3521137802490035,0.3452335078236248,0.35080032738595474
0.35507187327807954,0.3642893883017729,0.33946035442648115
0.3518080460262723,0.36262934689978255,0.3570939969617754
0.35221953852177434,0.3556390311283097,0.3639324517057568
0.35094288046910693,0.352580024115687,0.35054938784587397
0.35345802816978783,0.35133915159093954,0.3519223702709768
0.3518252929973402,0.3661448471759719,0.35403484476255176
0.35393053735807173,0.35803088157880714,0.3513324652905795
0.3562585747814745,0.34765354779041885,0.36229396289570365
0.35450686000845205,0.32869844048176583,0.341918850517955
0.3528099666822838,0.3498441784644571,0.36392345220471545
0.35577315031337065,0.3635385073077245,0.36436748186267803
0.35488029396649823,0.3502922651170795,0.3715437432797183
0.35490732889253135,0.337656123663456,0.3582747999261294
0.3552801625989134,0.37096448237282087,0.3549565684445806
0.35429160684513505,0.3630071068597995,0.35905082158339263
0.35531227221889483,0.3686160967333422,0.3535074911175168
0.3555731114191811,0.34659166690640825,0.3559770984427138
0.35533500169155374,0.3559238481827334,0.3557352758040023
0.356649372375741,0.35947416930578613,0.34554941914070053
0.3516768833607935,0.3506556835846198,0.3507440969666211
0.35409354840494556,0.3683234038945474,0.3456783241598117
0.35265410851347445,0.35807015329844355,0.3712213990916243
0.35327376121991333,0.34332285115991323,0.3472387308565298
0.35317840582069954,0.36042049346802896,0.37931257836319826
0.3553162546487523,0.35706218101616316,0.35390977442693805
0.35564135850048184,0.355660264663594,0.34168436655508344
0.3561178598822812,0.3534264778160453,0.3469621468432649
0.3522861094826346,0.355738394443288,0.35565268326642113
0.35423113822701985,0.35765264574450456,0.34351257238737376
0.35622863079328676,0.3614966071644144,0.3582726936417125
0.3538705493540709,0.369276627342762,0.3548336284097032
0.3549680340061322,0.367227286538494,0.3495676592581241
0.35346184137443815,0.3673090279653025,0.3721834303533943
0.3543977995066977,0.36202960248631855,0.3550919062122144
0.3548326610161832,0.36862697863140803,0.35601906228806274
0.35448038946356264,0.3642078860302215,0.3504736486504983
0.3569256526196273,0.3503800542488295,0.3517405820105278
0.3527394792809513,0.343545187646531,0.3655448027666113
0.3550040457068168,0.3700613495522384,0.3716208711145289
0.3528142397358927,0.361626728111611,0.347742484580292
0.3539370179256782,0.3427710174913252,0.35825593121021976
0.35452362406003596,0.33928781986907697,0.3443294096579685
0.352392752983943,0.34897546743697655,0.34941138128704846
0.35464704930196206,0.3507973238587903,0.3570424994391307
0.35366186195145494,0.35095413026466543,0.3590042988152833
0.3538482893179861,0.3462226058555808,0.3594620412935106
0.35450429716541815,0.35328126582597674,0.3520745861636735
0.35553708641044807,0.34578626273153334,0.35290521656884727
0.3558609955008621,0.3602165777084763,0.3478597619924364
0.352242654931729,0.35443698750021013,0.36268610569430554
0.35577173057301625,0.36077927990150843,0.35292646077778833
0.3542100482574299,0.3451887929813753,0.35345388108937076
0.3538149947214302,0.34517972549431164,0.34599684840375144
0.3549187387485481,0.3439077711575456,0.35839418243814397
0.35205552743591145,0.3515746319263812,0.35364125055417295
0.35273308509649576,0.36496094770825466,0.3519250766160491
0.35630355168457306,0.35395704710535786,0.3473923606215839
0.3517661008652383,0.34494857533903844,0.357979845357772
0.3514985483872753,0.33818772798028235,0.3572008057332616
0.3539715715503032,0.3761656339746554,0.3542967576208062
0.3541497966871887,0.3514462180936833,0.341747895172619
0.35461919822407406,0.3496014133716861,0.3487571037360073
0.35782396816797557,0.34154956003254794,0.3470773639586397
0.35474201303480085,0.3424545567912474,0.3557618275610555
0.35457116057663085,0.3620420733342617,0.36589115080276013
0.3521826280515992,0.36506400563514313,0.359912998360841
0.35471953891969754,0.3471465097801988,0.3537551479991953
0.35295651417499285,0.3480987508818631,0.35632506783245604
0.35772065992282986,0.35367041344038247,0.3437441072582904
0.3558089680870029,0.3755647803542599,0.35703770826179587
0.3514666822191992,0.3584188566961045,0.3534127764385025
0.3582999053231934,0.3570544658302294,0.3581909870325983
0.35215210183370393,0.3520788898883153,0.3585788934495503
0.35251122224155584,0.3630335187909122,0.35336914123173524
0.35620830691297417,0.3540937689301575,0.34843134003170023
0.3540666614014904,0.36189388947025,0.3514714224592006
0.35201349690217587,0.34373028778801357,0.3528529389251232
0.353693535458753,0.36823542944258997,0.3563932970813982
0.3564147192423256,0.35420239519445235,0.3552081281772124
0.3513064433700195,0.3478312454981815,0.3598090302220392
0.3565539079385522,0.3655424032982335,0.34615275728272915
0.35465224082204144,0.3385986822321976,0.34986920075564054
0.35400945332028305,0.3469882167321457,0.35932261021271145
0.3528964618021895,0.35218414826216404,0.3524961465823628
0.3547741408016573,0.3533682242437683,0.3468563594234832
0.35468888298259355,0.3574565243027536,0.34739761163427
0.3511711471658152,0.3486218246458007,0.3469786347400617
0.3529095273513068,0.35058342031303147,0.3570523512093393
0.3515528587445967,0.3606503745503447,0.34693680666137505
