0.35917709940222303,0.3528840304493934,0.37356478831204687
0.35377158459324926,0.37085448366633933,0.3293622025247487
0.3535730900356585,0.37868219218181787,0.36837462898622303
0.354778033566735,0.308184127386448,0.3473649794136515
0.35432810218938976,0.3736176552717587,0.37612118471905404
0.3574307746158773,0.3564508904534421,0.33940902868474554
0.34982168213717246,0.45373319308585264,0.35508835154518076
0.35561322471530743,0.3546241912388918,0.38965627712674106
0.3633784828180734,0.3555336446525999,0.3729832063219043
0.3544395273744756,0.4570906989012094,0.36716855566692475
0.3561877580866781,0.4202852457059688,0.3601440590655412
0.35044978916283637,0.370477988363445,0.37309934357752716
0.35201495692159246,0.3592528078159487,0.3442473577489474
0.3534439529416339,0.343307210690181,0.36105077041162226
0.35371568376576035,0.35723420545888007,0.36715474143317156
0.3528587081929634,0.32224698430651744,0.3693871155070223
0.3554383721550285,0.39404907883435464,0.35642206563722606
0.34315667086544377,0.3498319517337808,0.32595562210628254
0.3523973339085083,0.4188727834670761,0.39026307999439463
0.34855404408020846,0.38525016724399225,0.3453109176116079
0.3550716018001538,0.39570168402000705,0.3517947284814167
0.3561479057880761,0.3100820352590681,0.3372278400626216
0.3561957675087714,0.37944063321639737,0.36734052079397544
0.3564538473924383,0.4054785336478531,0.34268458820577674
0.35188128951065845,0.3463747603561224,0.35495950890623423
0.3578801735323257,0.3709256147383416,0.3604226148665429
0.3596789867931242,0.3653872908511602,0.3889119379377462
0.35091864829469027,0.4324312462971613,0.3170489434948371
0.35358572340286,0.34370172304544705,0.31112000477740703
0.359780235178005,0.3711335545443548,0.36751163464277564
0.35320013865612854,0.3849379599568328,0.4107678791219293
0.3568717286975725,0.37831089114573185,0.33399740024305125
0.35236170835845804,0.3678332141091122,0.3604277690019027
0.3506770733847808,0.40995466934225383,0.34926731408419565
0.3536328745390016,0.34378157139883503,0.3306922350813386
0.34870561847645287,0.3119060955194779,0.36280455848364185
0.350096147158477,0.3962999480646964,0.3552702839684963
0.35481930509863085,0.3744302415680709,0.37825938563075434
0.350418894602161,0.3848261873037107,0.3557267942860226
0.3528541424345975,0.350766284877519,0.3355759529045185
0.35774340307365193,0.394068873800971,0.3403107401565766
0.3629870144192183,0.3649395965427981,0.3174236540896344
0.34624550874616666,0.3870345869413371,0.3572639263445037
0.35122344238984005,0.4179934652879547,0.42417977534282775
0.36720564786422494,0.4048482525818556,0.397544136984285
0.3563929376861265,0.3322151611258846,0.39405254897157105
0.3561170960624663,0.33409318394462245,0.36006852616497464
0.3548758432937426,0.3986580688124048,0.4056740333324305
0.35358965502199247,0.38230646451714567,0.34418005524202544
0.3499912141696986,0.3297009595090034,0.3572292997477911
0.3601777047935149,0.37943572085424376,0.3266980287229441
0.3500460659813255,0.3825743186020627,0.39511169214257885
0.35515768971689154,0.37695425996365095,0.33798445417484885
0.35147824674810196,0.36287146275406945,0.3798661413420246
0.34747678464146253,0.3727739663889197,0.3617938298501777
0.3589843814552638,0.3660637191961675,0.4085027647500138
0.3545491289216086,0.36008223646509896,0.3357937863298163
0.3508751066535776,0.4079403126255402,0.361049189160323
0.35638274441856654,0.3188792480243809,0.3371484957909595
0.34991910082337485,0.34413847584115714,0.3520846906952055
0.35494896423856603,0.39194931776321834,0.3026312302728403
0.35110499003811685,0.3702681108903929,0.3395525678617579
0.36159875568889904,0.3404390340178274,0.3745910594851224
0.34896903759460834,0.40559318509846015,0.32543206448702366
0.3605510501766067,0.3831543030743729,0.3553128823338841
0.35522302433470015,0.3481732781660024,0.36578582314072444
0.3526112674849122,0.3691942011229615,0.34499007975000057
0.3485515465649804,0.3512091965842388,0.3876343797961606
0.3572884940390507,0.31450401398555516,0.3496686121176256
0.3510639799902586,0.3309583523065426,0.38379134713144764
0.35717386285927843,0.3110554864524827,0.3607178988298167
0.35664343335187676,0.39039061509482287,0.3839023450103176
0.35043617065923777,0.3385241820854067,0.3541821171069941
0.34858141995331493,0.37686901003119366,0.34679915559411617
0.35404673065177156,0.3947069287990899,0.3554306407692993
0.3518007632083362,0.3867081192265514,0.3575443069452389
0.3576115961299115,0.377536155566786,0.39596612427009775
0.36292368296834027,0.32049435171835916,0.40054531062108734
0.3479607745786864,0.4137188711205609,0.37427431238569786
0.3540647951177469,0.3863584670184987,0.3859347266402249
0.3565425146273142,0.36166977828287206,0.3175015815798894
0.35862672085493214,0.3603708407742343,0.3601475249722476
0.3532193925152412,0.3851803941648256,0.39614164447288974
0.3547589357322722,0.43374193903227704,0.34314958774577664
0.35728351114197576,0.40401987636396625,0.3528457432403616
0.3583634022128442,0.36370906169482364,0.36821135709514313
0.35652182344201033,0.39158083214867634,0.35301014759212906
0.35811604065999336,0.3743340325505664,0.3589660387328975
0.35350480189930916,0.38721921380146324,0.36165203402390644
0.3552267055192942,0.37035829888857247,0.342568762753535
0.3576528263838401,0.335931956874611,0.34836565686855625
0.34714286159897056,0.36953522188925947,0.3689522021321387
0.35311012556018273,0.3717368861473856,0.3597340237060566
0.3499323199545534,0.35760528391676083,0.35224007080194675
0.35480160270943434,0.36126741898917925,0.36271262997876086
0.3568937940043664,0.3645343780568373,0.34310781608857915
0.36010818402690037,0.408721051991913,0.3618941659634149
0.3627761319943396,0.3840757645407741,0.323836785263058
0.35556730769003736,0.4018212505204443,0.35042003962138163
0.3445648303810622,0.3574197656373017,0.3306893462927923
0.3589805990392183,0.35658069546155124,0.3619557038881056
0.35709591614519826,0.33386346784685844,0.37567739028474373
0.3540578976445093,0.3232806642138594,0.3397693117639086
0.34710834739877766,0.34950656458952645,0.3525522777181515
0.3469761833036689,0.33988415586820125,0.3026571872047459
0.3581988756564836,0.3804497764044204,0.3250496300061251
0.354875682644668,0.36333636294106797,0.3805629949326365
0.35775266559849256,0.4038238383721842,0.3323064971658839
0.3556514817121643,0.35442849014645145,0.39895586077460987
0.35807514159673304,0.390901020569062,0.3999009327129199
0.3477548867894335,0.4164212067590742,0.3496405963307385
0.35927393199104096,0.3506571677645885,0.39179288746900204
0.35991948628096565,0.4012389972241295,0.35950954518629324
0.34713563397810154,0.3715208788219502,0.38501512256280623
0.3554948470209039,0.3281805203616893,0.3545067701685019
0.3577406314409387,0.3765407857399361,0.3420834822845774
0.35105657187437134,0.3517067695321946,0.35651597954028064
0.3533235947530589,0.3918007858071753,0.32412097268893814
0.35182162623723073,0.3668319293931761,0.3584974449462462
0.352216920288669,0.40972376007600037,0.33709781473874917
0.35773478928259916,0.3635933835736763,0.3584789446786748
0.3428137350998453,0.42689900240735457,0.3520282915778211
0.35411031316556607,0.3311820599894702,0.35805806222826914
0.3585894376166787,0.4065418053931266,0.34047666642148217
0.3574312545642931,0.34055091769178675,0.34744936991275044
0.3583371635437973,0.4062665672441967,0.3710444693131776
0.34548632871432544,0.3598293759679207,0.35389690226612197
0.35620916569104055,0.362647327018046,0.3456645728470048
0.35268550069802085,0.3638274326370746,0.352277697387542
0.3592342278926391,0.39872161720682603,0.3921016182171741
0.3531250649079664,0.3983132159201617,0.35272873750615374
0.3459584126736541,0.3674263087186312,0.36486751848229504
0.35137584060664057,0.40784694083317413,0.3393703005383984
0.3615916605118705,0.3589274174827265,0.3576002114842811
0.3499672916228072,0.36395232407010625,0.33211654116450856
0.35757843098620673,0.3441962301491498,0.3757608570235666
0.3548048423308394,0.38018300221713414,0.3499186188113986
0.35287683041864387,0.35845725733816985,0.32489298883043105
0.35440558825640184,0.36876860838239056,0.33682770866969197
0.3597463861741232,0.3962034679214376,0.33836591388476794
0.3525634989989848,0.37003327431225175,0.3853463043928707
0.35123858476172776,0.36687539342008535,0.347196174969589
0.355667033472972,0.4113749827500373,0.35012699096594446
0.35528398623521484,0.3595726636574762,0.3635575691532076
0.3506754134704651,0.33111215292603324,0.35134372912399386
0.34713286134950877,0.3408567763360263,0.3403944744481846
0.3642432779102596,0.37208022638302113,0.3536782683780305
0.3569469043828361,0.40096626127185153,0.347289296959774
0.34758474289811064,0.3765709275552515,0.4014970031602486
0.35768179651650656,0.3443295008064413,0.42530688979447645
0.35465183763824565,0.3841341220793022,0.34090603443209483
0.35655698230414146,0.363139753751634,0.3758461030378726
0.35740892649094413,0.37706270525074376,0.3498149014687827
0.3539444437100881,0.37233399747314383,0.37159507133921355
0.35093051074691584,0.3732476757869597,0.4180122544125012
0.3500941845371557,0.3701375025086748,0.33166586371217993
0.35574141049504115,0.3346372891428605,0.3573222663712324
0.34883334159818513,0.315504728706672,0.3446609460432872
0.35739284122318093,0.3905857045685823,0.3839376324527074
0.3488186856650081,0.3489528824187338,0.34139533752696893
0.36071211558889005,0.3523092505009465,0.3621850248354256
0.36188138326071834,0.3557281604036538,0.4563545775576119
0.3497061086684994,0.3647909105154348,0.3783964219765452
0.36226204235220183,0.36037422293709503,0.37310126261139753
0.3490690836421955,0.38054558340036215,0.3205501207591985
0.3558175088983368,0.41465218128500925,0.3584427154556303
0.35304665025779614,0.36744247959851045,0.37335281983180574
0.3513250646658796,0.34603421766768727,0.339678813812741
0.3584587435330973,0.38453976869883977,0.37353826689761727
0.3517905850744291,0.33259501939620223,0.3434532047199548
0.3566837847125492,0.3887831983525203,0.3596183823091398
0.35457288453426233,0.37906887075254325,0.3838662801499761
0.34562352063133267,0.3753756060819867,0.3290317810260073
0.3613396917774053,0.3878128436294409,0.37692701887493574
0.3496375903303516,0.3453895198432086,0.33919750692111017
0.35201670093738424,0.382310862550905,0.35060233426887805
0.3542798527076891,0.3470266733665124,0.3084319731005355
0.34985565153618775,0.3587730386077381,0.3283896632160167
0.36332914805364575,0.31545643241038357,0.36999280463407425
0.36061603110249907,0.36745674782840665,0.37202774874898853
0.3582316551708052,0.35540348986655723,0.3881245171255265
0.3536070733520156,0.36136994212860707,0.37145946733290536
0.35379001946596006,0.34674489339878617,0.3416085983653418
0.35301199146863727,0.37389843331841466,0.3297711777540699
0.3533458433993204,0.32442537386383835,0.3845154977175474
0.3475393687465296,0.3763032274492661,0.37277848756624166
0.36164161033709935,0.4368178835712151,0.3753318440034289
0.3554899850464755,0.3494899092630288,0.3487507371501298
0.35774788415127,0.3677073049209781,0.3814766893625894
0.35406220327203436,0.38657990561952227,0.3327149557683226
0.34976180509226795,0.36553695657556806,0.3799411876301629
0.3513067551553091,0.40874697313516595,0.3104429310163802
0.35731056338433975,0.342544061572261,0.3119433240262091
0.34953651374013484,0.38989482229241934,0.3532754911039445
0.34681822209088553,0.37003494417551674,0.3784102848034678
0.3489948032683775,0.37702882743216537,0.3324504028501906
0.36460197647510356,0.4062594280731273,0.34911902919313265
0.35773008204635,0.3292975815761411,0.4048245137250012
0.35076365765655565,0.39607118228272137,0.3409745130619585
0.35522557396619625,0.3814202906293367,0.39617141341342743
0.3439749561290044,0.36150385258020473,0.3131347952948484
0.3478773760985731,0.38857843669036946,0.3711202292792466
0.35626004366680547,0.36756485558654234,0.3489284369068213
0.3449095413472141,0.3668538549043782,0.3750354490808574
0.34932802367009075,0.3423945404884732,0.36020433349997016
0.351570353037557,0.3286412015866083,0.35372626348883196
0.35598070316538305,0.33304571633061053,0.36316292952932006
0.34855636298885384,0.3905679931630682,0.3603436807322849
0.3470663350893909,0.37158051219373767,0.3643886584227933
0.3540686478178778,0.3267940643638504,0.3176629818679756
0.3540259268478702,0.36609386113338355,0.315290809200297
0.3564322613124317,0.41911314049864323,0.350939649418535
0.3554424184061248,0.3963142312379538,0.34344939891167425
0.34716155892447087,0.41900281868966316,0.3595958904651076
0.3621116874610758,0.37780747841858614,0.38401864366868543
0.3583818353039214,0.3582575116854399,0.3479696348134218
0.35693122770626834,0.38359754853653755,0.4211019814275856
0.3540428802025674,0.34633627969563135,0.3412173349254053
0.35010826465635253,0.3435424357902211,0.34689388936480126
0.3505739777798566,0.36952512923255687,0.33375675496733975
0.3627983499047295,0.3379074578861585,0.36303828191869253
0.36071725629096824,0.3557404553204989,0.3587297501162818
0.34394354106502134,0.4020722493439375,0.32120030055679083
0.3531211888715813,0.34762734727544625,0.3427474453588832
0.3596731568432712,0.3802885065143134,0.3493169872087567
0.3510466809068389,0.36288945771562353,0.331947096495481
0.34567307407280623,0.3380790805245877,0.3346785827614113
0.3507473153099392,0.37272582742390137,0.37662294317432593
0.3478233228099998,0.36118210892981045,0.3183551069032055
0.35435430693637004,0.3933891570274036,0.36984991617833096
0.35700004169794364,0.3652716137147727,0.3452416050894893
0.3471710458688906,0.4089328976320755,0.41280800398612777
0.35959162403323147,0.3638423475974965,0.3520641095045985
0.3516404390165899,0.3328670498238076,0.34335894780275505
0.3558544420776578,0.3794193439711893,0.3874864268399751
0.35101389398619653,0.3910672973043036,0.33168075757918997
0.3488863601540537,0.3538131185234606,0.42265674059555164
0.3568966825682822,0.35274932595993524,0.3615750892536159
0.3598513953101404,0.3750966939029498,0.3968496794098566
0.3527110157634373,0.36431562815767426,0.3502358839623954
0.35515707196928503,0.38131785336808066,0.3455200902707328
0.3539760520147306,0.3457997579769422,0.3366225638857819
0.34899206472667654,0.3462676242115055,0.34542711434025414
0.35573742222871874,0.42750370479046307,0.36786772225961456
0.3544936314185143,0.3735877180196946,0.3672340969137123
0.3547282929340041,0.33966332467768734,0.3943762298050576
0.35167000305412477,0.4168066957874904,0.3325392046674338
0.3555173725018797,0.3840248521384187,0.33816575774800056
0.35671641526136133,0.4447180934894182,0.3161073229202528
0.36113412138046486,0.3247094756447133,0.3434327002551202
0.3460938772984349,0.38760262322763983,0.3293479812776548
0.3568156858805275,0.3686072968652018,0.3477542041093392
0.352573572922611,0.35493944635988195,0.34950659559330893
0.3553638596612014,0.35990460361106397,0.33830903838065485
0.33938300989890147,0.36384876998600624,0.37709328339594533
0.3452903473140326,0.3886886289857526,0.3292342284554153
0.3580759798876154,0.3288521734039268,0.3568193407884797
0.3513848486736309,0.3830645623220899,0.3778654479275685
0.3590582112213335,0.38340793366865794,0.3629083215678024
0.36104078148573887,0.3701322649484089,0.36784831017715086
0.35527447630504344,0.3362997151434786,0.3521091957565232
0.3525232648318203,0.43639686999881655,0.374729687467173
0.35513348637960007,0.3442744189880774,0.3268745802157522
0.3532658606964623,0.3655426263931636,0.36114944432772306
0.34369055298323287,0.39854416555314726,0.3704314326790997
0.3569883309789772,0.3212028165701412,0.3565495954423467
0.35354696354953763,0.3396552426590281,0.3832000012915891
0.34538830913481033,0.3482808656660186,0.3426112793765546
0.35402101983547585,0.3850163405880973,0.34368814153232347
0.3509457171617462,0.3841594199161774,0.4028287582080505
0.34594057964363545,0.3702779193971213,0.3464711595001868
0.3632543918066305,0.3673700324700565,0.3552247320634594
0.36446823741863454,0.39003548876671695,0.3699156107973086
0.3575066065819893,0.39920575826010224,0.38159604397260144
0.3508760861409883,0.3317795851002113,0.38547605989825334
0.35489650998351896,0.4049828705638709,0.3062552448630156
0.3605784398453828,0.3873688283334311,0.39748114440071275
0.3514952911303486,0.3479172633356313,0.3485136565184593
0.35602245407756156,0.3849400479787403,0.34020289134761444
0.3596057528816134,0.3529113895264379,0.3542780082574007
0.35780460250260937,0.4158962862701924,0.3435997422395725
0.3529077665567376,0.374035897808291,0.3405173690300676
0.351526054855922,0.3621525174658868,0.32662762856418787
0.35233838239660364,0.40256374755495006,0.34479123202446826
0.3636889880449308,0.3417110435658338,0.35566861131311467
0.3492338653419394,0.3713789792791946,0.31950381636585756
0.35616630786059134,0.3843701413997359,0.395848481450293
0.3499249282281823,0.3404553914521643,0.33894618249146574
0.3547659482459099,0.38358819886162904,0.3472864971584894
0.35446635059402226,0.3463602219419261,0.3792639719547453
0.35004989946276327,0.3810778306516602,0.3426431023143402
0.3561143268840289,0.37945046729912896,0.31520238996079963
0.35688648449263716,0.3341228365005667,0.32015363755855103
0.3620901179344188,0.3892386921617438,0.3164785854433321
0.35395744043046723,0.33865243903357706,0.33402074398361753
0.35644074839421735,0.36157415986191566,0.34840326691217716
0.3568425250300901,0.3653731236871151,0.41153156858367085
0.35511265549747706,0.3509091879308311,0.3216158618876401
0.36056284813634243,0.3755457454635031,0.3700397522198669
0.3554936921243996,0.35347170649756987,0.38145497834077735
0.35765349802297614,0.40040553264884976,0.3567587373234117
0.3609922921703905,0.35510428895684193,0.3402025786415289
0.36056891688123627,0.3703086386060685,0.37272313667399315
0.3638567754286207,0.3627352720240002,0.36191185307833745
0.35410440417562,0.3386897613927911,0.4030223589001612
0.35419051892060627,0.35389389729443355,0.3952785188414456
0.34864387904969835,0.368588804960843,0.38187414441917406
0.3549251942554404,0.3796767022698988,0.3896145040058477
0.3447073917664106,0.39854442628763037,0.33709139694304224
0.3539450218369739,0.3893053242289968,0.3284608903325932
0.35377567586732556,0.37490086016902313,0.39068030532236825
0.35218852531880224,0.36715906835662254,0.32236621069371957
0.35496851245657013,0.3544566482605683,0.36237394050194766
0.3469124537053586,0.3533048420002189,0.3564474564938953
0.3565986791067611,0.3115197707289581,0.354895680450447
0.34784205194455964,0.3066489777457527,0.34895961185521784
0.35464742343685696,0.3699436140392376,0.3462079143045278
0.3517703459329719,0.37760000163785296,0.3898020804229279
0.3481714522044507,0.3770256997215768,0.3400295294291011
0.3515357778636271,0.3794909549318746,0.3732337766592199
0.3594914294748508,0.382334525906269,0.3407486581702233
0.35930868536977245,0.40954307078788416,0.3586394362760603
0.3535351822789332,0.3512716748638721,0.3224859769932758
0.3548409657241697,0.3813467923608964,0.40281863618422264
0.34728433373466916,0.3465356975164763,0.3756737717958142
0.35520180489099396,0.4071070922993567,0.32433043409181483
0.3561328456930237,0.38231867532255104,0.321728797974296
0.3634161686703652,0.3428710585795057,0.30691449542704274
0.35503338989124844,0.4113882159727154,0.32178106774931275
0.3496222052923664,0.4432506133419131,0.3503373489144924
0.3569223997288629,0.36097427988177155,0.31572303908914845
0.34535842137614525,0.4122131111330207,0.3758403102071336
0.3589197471539271,0.33133280095302947,0.3743382323511314
0.36177806433628357,0.39530660800983414,0.3586755749951109
0.3478061406179994,0.34783678890131065,0.3295364514854937
0.3524710199056757,0.3685840170793549,0.3493925540557461
0.356222846261934,0.3558680113624979,0.32936909728306535
0.3482059387011872,0.36125928940345226,0.34630376006471114
0.34942894199636254,0.34553802256197846,0.36560555089957625
0.3557128645199049,0.3861608976876957,0.33075443846308145
0.35009702826121103,0.355829089984456,0.33885523860434824
0.35560067988278055,0.38668602807983715,0.36837982582657663
0.3559328907518465,0.43235045609226985,0.3178411865281628
0.35836043296014636,0.38612942974288744,0.3486654874214007
0.36270349300700294,0.3785463131519583,0.33970849331337655
0.35627961030467237,0.3350459199564382,0.37183386642850447
0.3564574215011329,0.340855296074135,0.3369897907719125
0.3528109674164489,0.3378322136024728,0.3596300291970438
0.3531057141155478,0.3845277096676063,0.33659772609368677
0.3560516375157916,0.37147014757291386,0.41193421193109603
0.3441674736502018,0.3332335079580523,0.33031733427888826
0.3530443581402893,0.35417220337141425,0.36186423120558275
0.36178105704847885,0.37262979767283666,0.40642772819182205
0.35482135881427057,0.34958317592526605,0.3483705778165703
0.358871746550236,0.38905359607028817,0.3829766022867298
0.3542766809412464,0.3375777469863497,0.37765847324698504
0.356086524611218,0.38582292716091365,0.4022583767287171
0.35570635098803577,0.36140762467233123,0.33241650534906947
0.34686885594464406,0.37349632950860545,0.35079307882854266
0.35741123801765234,0.33590905048373787,0.32353586127920253
0.35001471818107577,0.40825643744450774,0.3271363952808441
0.3519395349959905,0.34613035187829544,0.37536253317284124
0.3544380829587519,0.3175386296727142,0.35829742172875056
0.35450780929484843,0.39274114061831644,0.3916979495776369
0.34977235375876853,0.35579847066854065,0.3318604154063916
0.3564466400527152,0.40762198891784024,0.3576697803768654
0.3515135162089483,0.3664048051278544,0.3753670748040407
0.3540673857600691,0.33536539530445003,0.3450814202820949
0.34867686222961586,0.4174281198259315,0.34421708878778057
0.35396411417747975,0.3899860951271114,0.35370293618890974
0.3567005477244348,0.3896186013937718,0.3509740788056923
0.35030468897057454,0.39048994956209027,0.3736395189201892
0.35351304031418546,0.40487821111395744,0.352220411442404
0.35708838450522407,0.3384933176267806,0.33359906363304265
0.35538506077524573,0.3995670323423298,0.3220542308259277
0.3596612082460917,0.3595473840943203,0.3295468207867477
0.351448720923935,0.3811347455749248,0.39756556191583425
0.34948441007897546,0.3640937523609227,0.3614695958311505
0.36042632415492454,0.3410050284302554,0.3676289601686824
0.3451634116339993,0.36188845027043265,0.2945741194267294
0.360545443169189,0.34520480992723557,0.34775043780199505
0.3574667036630515,0.3582798680303553,0.36505305215518824
0.3480953704050414,0.3573232769701364,0.3549357759145217
0.3490640397425662,0.36550554698859483,0.357339009262583
0.3487601500468114,0.3609040427656992,0.36640017732593333
0.3642773086285545,0.4010776010584694,0.345368530140989
0.3526604351916372,0.3377292993293275,0.39845773435227183
0.35239311711733884,0.41073822733774346,0.32779427698653874
0.3563388310851793,0.3814258859750449,0.388581196450585
0.3421314721018293,0.3396860372158143,0.3540742055489338
0.35841353475801974,0.3548866427369586,0.35958978722595797
0.34874082306039333,0.3659785011331628,0.3318544379000928
0.3527037918888472,0.4138417028645123,0.3404788622032141
0.3445603715496462,0.351113531940089,0.35190656127234077
0.36261150075535153,0.3855518841796561,0.34823540644846895
0.360925266175781,0.3775847218720296,0.3335672726552418
0.3488167482421256,0.3492475351224302,0.3241897873373342
0.3538631088469371,0.36519021505232463,0.3490581611903327
0.3586169098983516,0.36959195799622047,0.44266526629019665
0.3569782570809647,0.35680720033942404,0.3614607729668026
0.35933309849593625,0.3912682753762142,0.3594848676146628
0.35432525930885983,0.34658121477626097,0.34991125873383794
0.35126949430194226,0.3929034205699049,0.3719540025302324
0.3450904835477878,0.36107878809244137,0.38210520133501913
0.35207628338167246,0.3414881028821035,0.35975254639995563
0.3603277548034205,0.3794693313990443,0.32916509999708576
0.35312379826587376,0.3934206374638581,0.30798343525099386
0.35634917857690296,0.4122993616292543,0.34806466579783313
0.35146361176921653,0.3416343697789607,0.33860253273174035
0.35839082904707736,0.37127909749214244,0.33781983274496047
0.34674865535880633,0.3356852778015454,0.32293891820084275
0.35352797922051205,0.3621631318373837,0.3346741572479867
0.35211363417798125,0.3135495999792367,0.34408520354140737
0.35493003588245675,0.32865291240878647,0.34358258165009403
0.34831319822974616,0.41761543826197034,0.3403430547299059
0.35489696252505815,0.3510816069820725,0.34768633752510536
0.3488823218177543,0.3516034906547935,0.33579727453129254
0.3548947586384825,0.3639675301581396,0.36070573478855905
0.36917736140281265,0.3424423098720808,0.35732846945086744
0.35584203393921243,0.35648985263808575,0.33202428205308526
0.35969550391224847,0.3657222760108982,0.33935845976294376
0.3544465529573341,0.36096652866744333,0.31966801857582283
0.34867447154437214,0.33209114725326494,0.35914178530228824
0.3457051562467982,0.393012985663243,0.3681407673201856
0.3496859722419015,0.3823401304695588,0.33224804122668244
0.3569072143937321,0.33150557477309345,0.34709546898491384
0.3615589258381729,0.36925768855671703,0.3105571696040463
0.3509284187719539,0.3315193478991267,0.3621634189951781
0.3510425126603783,0.41284847528340796,0.3291068372228706
0.35318590962088436,0.36585963595823423,0.35564070587140945
0.35690477502119483,0.35585570898410634,0.3891225212473744
0.3593927354115081,0.3698500812366155,0.4016218200144809
0.34936044015075135,0.33106172079675245,0.37258023017247804
0.3467703978014133,0.38802215482101926,0.33474218396911926
0.36098560434999044,0.35725252296748333,0.39721279545397603
0.34955950457857704,0.3945772872553558,0.3679435020290862
0.3506061735241716,0.3953766049876368,0.33645474766588834
0.35467881557607195,0.3817274655491351,0.36459458857295796
0.3616597811359433,0.3920502998710165,0.35002979634062126
0.3530825611758278,0.3293610353975978,0.3313901755751842
0.36255604076981013,0.3495256597387079,0.3819475139370677
0.35233528092354716,0.3850961525457351,0.33656774591479877
0.3466630565964281,0.38015995502170885,0.35966716140719207
0.35010954237047726,0.35698864021916277,0.3757993838366062
0.34931010194516493,0.35027240394439874,0.38411799742292196
0.3564823716320527,0.318047729211994,0.3294488421625374
0.360694487338847,0.37222261919399136,0.3820528032210916
0.3545410116771423,0.3563177119735085,0.34380730316642016
0.35222200085838584,0.31381337337348664,0.3484088516977938
0.3536805665547946,0.34620379379268473,0.34777900590886857
0.35292547658027335,0.4054814558406186,0.33367746456502456
0.3619576078596781,0.4084325394594424,0.3289931407676179
0.35175582796790117,0.33293101779101325,0.36618394929959136
0.3594256654166613,0.4287835677776714,0.3232711730127149
0.3578583676395627,0.34885782469247195,0.3879867936241385
0.3598076112798654,0.38985546152489464,0.37319537094134747
0.36065631166579065,0.36493607985914045,0.35365517542725117
0.35386397384394763,0.40397505938510386,0.3349227131020709
0.3484395934810088,0.3608153245250336,0.34556681538346834
0.3540358840692272,0.40784454578887297,0.34485416538822944
0.35642006962426126,0.3962313147610278,0.36130873261951996
0.3442540679057484,0.37499265371966906,0.3545176348225522
0.3570292743802344,0.36754087578152084,0.36845922723215896
0.3581502046628326,0.3844900952571825,0.3558834806724767
0.3613548394096099,0.36940163401165943,0.37241193265376504
0.3503133260708659,0.3676514950671459,0.3323862530613336
0.348391128087562,0.3731977287783618,0.3593857430000191
0.3513390757841148,0.3324434787836883,0.36779289902882173
0.3513284504443041,0.32473975378295744,0.3711048721043368
0.34892597818176513,0.3444503415192244,0.32696604039324095
0.3616852576176574,0.38716522491131083,0.3584323090375705
0.3593272806695712,0.3960793388559156,0.3432955935808385
0.3505708096272493,0.3438511793324644,0.34735729881190025
0.3563762300274956,0.3445870733100847,0.3213658695805076
0.3460625085900858,0.38738442755804964,0.3342676707016146
0.3504945113007063,0.3583613839498798,0.3537467289128811
0.3504519232937204,0.3663689215167048,0.4027616161097101
0.3532181906302291,0.363740800089711,0.3495194769694544
0.35424777883257724,0.39826138159861973,0.3942321206533016
0.3558928443967364,0.36750349840913615,0.3913970393168794
0.36527795966318916,0.37299058175946537,0.38285368244670204
0.35336709867118454,0.3666436519693602,0.3367953637560059
0.35351672044690846,0.3640995840675186,0.3474122244137665
0.36111710800775004,0.39684331458333777,0.3580454156608788
0.35488998489993234,0.3533727304131555,0.3663573697300632
0.35815467268393003,0.37330766176127894,0.3375908076255343
0.3542572894213794,0.39255802513476523,0.3596288303270688
0.3515640279030066,0.38466316313115406,0.36448012177531397
0.3534872344207856,0.35219869927261443,0.33754709299369423
0.3579046145111885,0.41892879638412717,0.36256850249098455
0.3478306338102435,0.3597587696866348,0.3453243541987407
0.35562855627042145,0.33967491965230967,0.330736739794239
0.35699464433155115,0.3626705685701647,0.4016569913005754
0.3578633740269042,0.3606791606012108,0.38582950378391134
0.34937666378603355,0.35351583353993904,0.32499822137931045
0.3507342231741811,0.36548650798611726,0.3384597184558072
0.34968078420678467,0.32094108741452887,0.3739680580167913
0.35214099443832536,0.3517609980916011,0.36522950700030554
0.3597871262840842,0.37956507773919995,0.3375016166503782
0.35702969008169944,0.33476246262161274,0.3309195472496246
0.34821627287019213,0.35964913970728724,0.3269723830208819
0.3565940566485481,0.38832329870824067,0.3077120574345981
0.36058008788945134,0.3308725112209044,0.3450930034193219
0.35475236937203125,0.37440044417258284,0.36399581316114604
0.3456719453609927,0.3599239152250821,0.35693631128039227
0.35389378389134485,0.3796048028512048,0.34185042466944066
0.35822379892420964,0.368247670722855,0.3292662235112676
0.3504585515402048,0.35689469484121733,0.3834762426129419
0.3562664983125199,0.3530881336644754,0.30521801575524055
0.3546172071422243,0.4379988807234126,0.3467254776429427
0.352625138477775,0.4217269192783149,0.3347061651744278
0.35631700690376183,0.3763825601940455,0.32557669725883776
0.3555448792454906,0.3722531248483218,0.3788264491979395
0.34581310195609016,0.3557781599184053,0.3854789862037252
0.35710670524997246,0.3617355946985288,0.3423339556125442
0.36229337071786916,0.40103942038429174,0.3337816801457419
0.36078311279896436,0.3710019290824191,0.3354706449577644
0.3537946350800785,0.3536406919281176,0.3487520183689101
0.3537398740511524,0.4284362345962938,0.32037423482762595
0.3568890926939941,0.4047407773509126,0.3430430261374222
0.35403977713912227,0.34016255128783585,0.34056870933432903
0.3479999176228342,0.3840673663624184,0.38253907433866163
0.35039055035770933,0.3014484619065894,0.34071460780243845
0.35018113810005086,0.3863723112175584,0.4147994792590306
0.3545479484199675,0.38565766350579306,0.31225417397882627
0.3537768070292833,0.32907216597694505,0.3063030750723535
0.34845429642141335,0.34711809086564777,0.35994442095204066
0.34362447852421857,0.3283341303011526,0.36520728086093146
0.35508220049619027,0.3692953676533777,0.36434678290313427
0.36027447653632705,0.3676680176362532,0.375648160748169
0.3607074572178426,0.3906684593697935,0.3246027889764508
0.3447724039976686,0.37088701425239257,0.30510680261267775
0.3463398048992554,0.3756291241821257,0.4016107255875314
0.36400666344576726,0.3591017854163086,0.34015965981538726
0.347568441724282,0.3737821469322189,0.34262813395091113
0.3579609992199768,0.3857426252472959,0.3748190081611933
0.35304034826366126,0.36214742731818617,0.3766200818505172
0.35570978758872973,0.3292582333046911,0.33971765228325773
0.3591859574763939,0.3815949292196885,0.35881692233547174
0.35445247674857716,0.3178536439472602,0.3778704145881176
0.363136554725561,0.37653064549277665,0.3421470599693271
0.3571472307425829,0.3709237854729662,0.3648617341598516
0.36104294198536907,0.3709448350064499,0.35184149903866024
0.3490643682700555,0.38314790172870455,0.35293380309200634
0.36068289835870776,0.34324804625170086,0.3654259693987947
0.35202634684114986,0.399406925590963,0.3403043366808685
0.35593746481887695,0.3701650837438266,0.37359263064944837
0.3506426634353106,0.39040746027710843,0.3253521294703662
0.35052270416466774,0.36080574874552046,0.38047875355704913
0.3606486191724347,0.30554051207243665,0.35576825800836087
0.34826456521414184,0.36619342098947744,0.35379369680043876
0.35092126689146613,0.3705787971775119,0.37857481753954375
0.3552713490800962,0.3604181689007584,0.42100489479604086
0.349513059693303,0.3725987067710172,0.34228813711931916
0.3596261807506835,0.3631593923705901,0.3443781993864574
0.3602968031716052,0.36999853614263134,0.3547000218488898
0.35769953116147996,0.38027633527864796,0.3107653964977916
0.35159428792210934,0.39257029906361857,0.37976378540415207
0.3521045108553818,0.3965886985702267,0.41215081653239416
0.3557389554525132,0.3529809342309273,0.36253569271015373
0.35698171421608266,0.3495656244174657,0.3490612151444854
0.35171388841775514,0.38966322624758076,0.3556627080826015
0.35503831867496205,0.41197595205785775,0.38595839845341806
0.3567797341096314,0.3499001838286231,0.33925257092478384
0.34824349858984455,0.44168106706905785,0.3879974182916733
0.34661851893442636,0.3637531470271135,0.41436307280039936
0.351856482287549,0.3589081567481675,0.33497236164181465
0.3522175729481093,0.39418583377225797,0.3555389211630868
0.35935649097204286,0.4197529927285145,0.3564710210392464
0.35559154048615793,0.3645503567333681,0.38977128102892944
0.3622040894740403,0.33610791681343105,0.3194894801609465
0.34372008469593723,0.36657073427573134,0.3590063013536022
0.3555315645676772,0.3248994900047502,0.3328417661847779
0.3508328673603208,0.3252448143635035,0.3438092956080427
0.35246373426958777,0.343852383048679,0.3946437649774148
0.35767724818105184,0.3373683881377727,0.3676874859766345
0.3600257194482827,0.39012844793162726,0.33647986023132526
0.35086372896196616,0.3606588506558173,0.36956463470013085
0.3548948568419593,0.3779636974368396,0.3889258355195589
0.3588028601966212,0.4045122728642302,0.3967003751714517
0.34981235236145475,0.3469644981831885,0.3508447817466578
0.3510996911203634,0.32128408879259374,0.3486928342520062
0.34952351118738306,0.4605293166116098,0.35448489008253425
0.36364901425450685,0.3586513681363293,0.35041565816062575
0.3513764885493262,0.3392784264827104,0.37347253570030936
0.35174690366027306,0.30502918631702486,0.33820187031811216
0.35826508760776055,0.3643675023919699,0.3668061238085103
0.35028755580667026,0.37531212338798403,0.40467880316122146
0.35600954896264647,0.3626971074383892,0.3513587311672134
0.3554545741421858,0.3792450079844156,0.36792703348709394
0.35658914379255335,0.3451415663675615,0.3659602745108541
0.3514508156640035,0.4057469760028397,0.357070037508643
0.35576307713854727,0.3347436496437365,0.36285686751610646
0.359772354959834,0.37995694413368475,0.3567036482856134
0.35440067494426636,0.3848417236257927,0.33733268538424843
0.3536519445469771,0.3365404311113608,0.3418006203251144
0.34456937243766045,0.39093007609182123,0.3609719879413501
0.3572505139493988,0.32918741082565506,0.34782414537187845
0.3534644118141406,0.33911570990007406,0.3856149815476302
0.34946506265421656,0.37121965331067325,0.401470262459978
0.35099418509756136,0.3605625843058544,0.342696036704527
0.3565668056389101,0.3789776907783346,0.3642658452412682
0.3556889103201082,0.35626360497590126,0.3339320904600871
0.3514059359217341,0.3943399210426372,0.3413985195541474
0.3518748249807994,0.33055187690145404,0.38628404827647156
0.3602140977273176,0.37856282358362353,0.3632672450120951
0.35410562007113877,0.35450951903653266,0.3570796414017783
0.35316008279715233,0.39244170248908544,0.3446667633624506
0.34862861317944954,0.3530848178351513,0.3428432867983332
0.3555352991608874,0.4024376442250995,0.35237045646954124
0.35722554953494384,0.3219752208438706,0.36121082534020715
0.3539743929319261,0.38058550469140173,0.3339907970505943
0.35326025232822145,0.33812058071650486,0.34211468934445616
0.3442869965663753,0.387616330743896,0.3466949018238466
0.35564790257596746,0.3713637920680502,0.33570583660442566
0.35521896231104594,0.3645539602797153,0.31844482739706437
0.364547588010463,0.3926521439191774,0.3850021300479719
0.3553455846723011,0.3704526392407749,0.35830271903310473
0.359507923942386,0.3539515080449667,0.31670654586681385
0.3569215790987058,0.3503612640164329,0.3584400534701773
0.3530099713584084,0.4286385095343232,0.4372624567964919
0.3537233682166233,0.37088485903388674,0.3566730758584999
0.35766199641981716,0.38624599199085474,0.3662322281810865
0.35636933477960314,0.3862722433333904,0.33654629507355016
0.3577668997873907,0.33779524042801234,0.36025844072011803
0.3486463102197145,0.3613463088598505,0.34415313526386615
0.34977050485003314,0.345296620912636,0.357460498512685
0.3579889515640908,0.3247007220993486,0.3528386064395883
0.3463514057156372,0.37478563096893397,0.35020687003442613
0.3543821137533047,0.4332599804665365,0.3206646874189355
0.35203523322870606,0.36009548163557953,0.35950513314143545
0.34877848633569886,0.3385077352039803,0.3980465116647049
0.3550657937025032,0.41821458920970955,0.3758637548903817
0.35468700257072905,0.3882370128007238,0.3833036655025795
0.3529733809603957,0.3439693903369215,0.3599553631246973
0.347033350301364,0.47776303445672197,0.352065154131606
0.3593744666693772,0.3599903560685143,0.3272421180927739
0.357068261045561,0.362224166686401,0.33372642811942366
0.3502194659405584,0.35280522229313094,0.34269899891540134
0.35414002893981783,0.3204751342434881,0.3682582623019479
0.3615197957977913,0.35770059310961283,0.35493073577813145
0.35843553719326293,0.38278162859154896,0.35587093377884055
0.36154544666849997,0.3954285955555695,0.4234819688085723
0.35309910187970855,0.3693904839740533,0.32862106466402474
0.3573228372346607,0.3691135238331448,0.3799597007938416
0.3476976673647034,0.3451913673174174,0.3718250245780676
0.3462767101831116,0.38838037795952773,0.37021240790341653
0.35186996560441114,0.35756383195551883,0.3332900114124276
0.35255681478822215,0.3817586680110618,0.3165821661902122
0.3525946202542165,0.3640820038721687,0.36156854143918093
0.3518149425632727,0.3799365826544388,0.35511978645981224
0.3552968978790403,0.3520400401343577,0.406799151964163
0.3489764198332056,0.4324653559072676,0.3892411298340634
0.3427861064403391,0.3967189231845756,0.33804601148366326
0.35766508166577676,0.35554394173479675,0.3374877963641782
0.3576080524634706,0.351668444464526,0.3535108989105523
0.3472019709086507,0.4166957705270349,0.374718281086726
0.3563376276306683,0.34384517400236253,0.3748712587378276
0.35663579096559084,0.3623607417601152,0.3715821916040844
0.3550322238939677,0.3293646000422443,0.3493325811258044
0.36095810677774903,0.36771197270019873,0.3471930966470991
0.3533241304062601,0.3442249167122802,0.359584448447409
0.3539370120417764,0.40668815721238527,0.3315265265577804
0.348731878359276,0.342548574737381,0.3470161520943334
0.3569558830403599,0.3328880809833712,0.3339661954273842
0.3529619481852976,0.39485736025990836,0.3567980246039764
0.3484664639041865,0.42959158991381113,0.3885247897864792
0.3615214739791095,0.3633521081260936,0.39356798085274375
0.3520430742522914,0.34505760765249194,0.39603309161293165
0.3624925574907837,0.38911759281923347,0.3415649940297078
0.3463958232540412,0.40002620863153376,0.3358711180072589
0.3477660273132306,0.42216900762536674,0.35509897962185133
0.34827282482548255,0.3934446091783742,0.3657285239448874
0.3502618343237431,0.37349621015401646,0.3480585440914843
0.3584182321758759,0.3624916551093361,0.3047008469544765
0.3584710603351301,0.4078076049857975,0.33577484369917876
0.35030881148459414,0.3453981600332979,0.3766880450738158
0.3460092678489813,0.3833638588188758,0.3621997882265373
0.3514391155848804,0.35924636793002235,0.35446151255253566
0.3633030871970932,0.3617593875672584,0.35623224380514384
0.3513875353505829,0.3480203933901082,0.36376863610856414
0.3522433630474151,0.36644282099602166,0.34395478888494807
0.3498759103058241,0.3655682202932483,0.37440312526247954
0.3473271726012264,0.4144411275473363,0.36205029868784805
0.35566592239527844,0.3697152029431932,0.36160854103180634
0.35487428048854974,0.37298928167131784,0.3821911222381389
0.3497418365565034,0.3784395214605969,0.3172563543174834
0.3509428143941208,0.3266210245505353,0.3339910264344545
0.34657637565672944,0.3204907221821085,0.33685808250663896
0.3574628433016105,0.3666811838218511,0.3423963072623414
0.3489965107907672,0.38136884503632323,0.365700532724192
0.34421249716009034,0.36459627209658724,0.35153043819489
0.36222376886596497,0.33536517941252186,0.3887910389547543
0.35080668191544434,0.2973309341286069,0.35559077662089206
0.3574266086217191,0.409867446873409,0.3559280894920262
0.3619036405890571,0.3554360066295823,0.3396349025139037
0.3516474712275544,0.3430265464089512,0.3460323460793113
0.3623184413463318,0.3868427180250567,0.3623965159160991
0.35651562618778426,0.38190634148844843,0.36645347429488434
0.3620878874543683,0.3641726876917017,0.36743613415058857
0.3568573272270316,0.3407800722228338,0.3045304709236948
0.35701533740837804,0.3399115312250172,0.3522405034716984
0.36456145351988545,0.4067885689420464,0.3432185163774388
0.3481284122590107,0.3425197182367876,0.37881957504954084
0.35263318944145366,0.3720145377005422,0.3324858796527754
0.34821585999915544,0.32255607134364583,0.3509164098588319
0.35625325076611836,0.38218029903600653,0.34974146286993407
0.3512656797393649,0.3646408614120996,0.36726086748101977
0.34938691392630133,0.3263131356171631,0.3605047151975035
0.36465079180900367,0.39739574192908356,0.36388927076658006
0.3574316052440255,0.3933817042923904,0.3673816573587835
0.35616168895400946,0.34490789861620524,0.3539066834569793
0.35510125801357845,0.36518836036856817,0.33076372376955226
0.35466769187169606,0.3351567348489478,0.36183669542838504
0.34612936255610294,0.35503660652207714,0.35806640234668713
0.35658876466792555,0.3796871928427732,0.33423701403798245
0.3602442846125997,0.3521080179340562,0.35941956719092844
0.3566577118233408,0.36427036744822927,0.3491166516098233
0.35776487537008506,0.40468871837056597,0.3999681158708054
0.35793719829731097,0.3853190228594454,0.3573542673956353
0.35454653166778255,0.3948658049795092,0.3455080698673887
0.34364998691235876,0.38339390427122916,0.3942368097114978
0.3506628326382154,0.3582516380013154,0.34379949410681077
0.3514566405265626,0.38075961366797184,0.3323158592050527
0.3537493781317468,0.37265221709094826,0.3835365929753809
0.34132001707763715,0.3607899426384258,0.33902724038373
0.35462897367550467,0.39600817849351416,0.33191936257927684
0.35916763369855875,0.4288710458312175,0.38232128907518015
0.3502379128163945,0.35903449269340654,0.3475762579202095
0.35492723124240033,0.3742800893974118,0.35087822716764827
0.3473297624302838,0.34594300626009683,0.33332169289945934
0.3619123858685988,0.3487242545802048,0.3565232018639057
0.360441923457671,0.34741680009724635,0.3119306670391016
0.35366218832064794,0.3916450743029744,0.3385292818837606
0.35363633191958904,0.37006976674156705,0.38853187657473465
0.3542691370975755,0.3847103158423684,0.3206904854712553
0.34944578992291875,0.3983004382097933,0.4085553629569796
0.3562432453397145,0.3706476914788944,0.3665677598240506
0.3607397209560756,0.3472575027828655,0.3318739436730456
0.3536249781955901,0.3539331246867818,0.3378771008754369
0.35377600384058444,0.37009343207067746,0.396892436184599
0.35038577840125623,0.39536406923766915,0.33343065882475464
0.35040026448009076,0.361205308091779,0.3912248152481715
0.35384269828691206,0.3533281385787071,0.35900830531556904
0.3559298749189218,0.3922381215704216,0.311813099324873
0.35210162059427175,0.3624497507128794,0.3516087665573175
0.3583482040495248,0.36719495949678843,0.34228395308837534
0.3608697858984715,0.4141050894535148,0.3483768648857494
0.35530352684070116,0.32865553259503416,0.34232959145556724
0.3572686383031427,0.44949070281068726,0.35617545538582845
0.35702194041237606,0.35824876905254666,0.3518412411276603
0.35537330307455584,0.35490804033969636,0.3778315976338553
0.3520605643015063,0.3609266516302928,0.3470774421294658
0.3506829187831321,0.3625419987552023,0.35065737530747687
0.3582714853482718,0.3494345638201314,0.3470292490843016
0.356411884038084,0.425553049597633,0.31275629241429065
0.35981866438320315,0.35983200051464614,0.35072238973032355
0.34893032022533443,0.3492971609535426,0.30472412128601295
0.3550426567017298,0.31811751106712566,0.37099162279062725
0.3590066490464872,0.36172717899853213,0.37137801830708916
0.3520025131739851,0.380409085932806,0.38772709214291634
0.3523991066035368,0.3766375418909591,0.3361020829385722
0.3621789986829843,0.4065344451966939,0.33421872331258345
0.35011956650273895,0.3190607559213073,0.3543389523134836
0.3448065893661453,0.3796444470294969,0.3198386820723985
0.3578311904536811,0.3520008506638234,0.32681170250130853
0.35383120946547675,0.34458132499801114,0.3491246901734158
0.35751882478357677,0.3392101343863927,0.35529356975564236
0.35903263907687755,0.3889166639428063,0.35520941638859527
0.3563476937522801,0.38383050648342576,0.36910667049302454
0.351433991059208,0.3487087233462145,0.32183642654230993
0.35187097391844213,0.3330127102203088,0.32655047765516365
0.353503490892022,0.3708191779514075,0.3676280587605761
0.3576504852374955,0.35160809350155553,0.3844871570876393
0.355078553146474,0.35227760285412807,0.35473984314244617
0.3431006315173518,0.3543738610996233,0.3587427072477749
0.34588622794864804,0.3887822189721525,0.34617797227471503
0.3471573427303857,0.3941559590961449,0.3379883276319245
0.35015722605687005,0.3653287555018352,0.3846857759995717
0.3622506121445805,0.43958826187159095,0.3413823933945269
0.3559711203703212,0.4163669004530323,0.3886185979027998
0.3481179625148241,0.3792613751374475,0.31874614681786584
0.3517404818652834,0.37604879927494106,0.3848895629039796
0.3597585921704184,0.3915388904465431,0.3695284430384807
0.34853055578004966,0.3782156318872776,0.35255785087281566
0.3525998538647721,0.3634481685382977,0.31423644503770876
0.3494403434210553,0.3807872845525667,0.34205540084627484
0.35360070649035935,0.3658006239666517,0.3382670083775626
0.35602039725830426,0.3522190930537782,0.35875882010057397
0.35225506180290334,0.412249780484724,0.34012764104643306
0.3509945011681932,0.4832918630201634,0.4067977145439403
0.3457788601407214,0.3875914732439258,0.40998663224319143
0.34902134062724705,0.37459140307996025,0.3617455265616681
0.357497579738521,0.4013181161464329,0.34033044037840143
0.35519250976326744,0.36910188876217115,0.3470453392113179
0.3480200555851661,0.31438077008431586,0.3569441134316236
0.3539172613722558,0.37600334502012944,0.3378722393383452
0.3549404761895373,0.3760331995405511,0.3920853024868767
0.3589484620287319,0.33136497052721015,0.3666770141800135
0.3549067960953866,0.3259586149583888,0.3425598398952216
0.34658758527683003,0.3853611335214486,0.374336890838581
0.3526682965998609,0.40037590723947397,0.2981848568227211
0.3503366390750719,0.40109887535973904,0.3571311495604015
0.3538954655222306,0.35127887629294113,0.34605570585990425
0.35839550508273793,0.36357044224046975,0.43490551056250215
0.34629768545904904,0.3214124973666988,0.35364080288668026
0.3479254195843987,0.38181235955820253,0.3502011840121436
0.3558188447805006,0.3738242208068538,0.3291854693588411
0.3489239201200546,0.37191075056370376,0.3328110151756679
0.3582260222306776,0.3713892571641766,0.3410222662643377
0.345975124094391,0.31940404676056583,0.39542915629956654
0.3610729515206937,0.4067206329327506,0.31260947606794104
0.3627051842325908,0.3285754376109928,0.3317167457972446
0.3598180134794364,0.3690104069707291,0.3786310710406369
0.35221624931295303,0.3625168347227175,0.3860475458082726
0.362103333306431,0.349703813853797,0.3828370680979133
0.35139860120528266,0.3748243496582733,0.3775332162197863
0.3523068819286507,0.33380471130526734,0.3980113925997304
0.3509251532965933,0.3095232724833233,0.35447378224244336
0.3572300871281274,0.4048009898743055,0.33170828254841345
0.35490952365528033,0.3154213669279382,0.3660533013202229
0.34676802248082694,0.3454890166744212,0.3687104261408497
0.3609539203531506,0.3417918662490925,0.3527840681097547
0.35316935803254673,0.3878988312955009,0.3820525954012929
0.3460058537441374,0.4187133135849865,0.3655659895310922
0.3571520716909553,0.36121702889074037,0.34473538496571726
0.3466471715237611,0.3649427434077706,0.35145472858414095
0.34942321335056675,0.35886833376144084,0.3460564955037106
0.3549300383235855,0.35306564309177846,0.3686678600265488
0.36104511190749533,0.37194248656436035,0.33196094987446645
0.35181448509210145,0.4041976363574364,0.3636249426683689
0.3592280351046977,0.3660951402583134,0.3359783070966112
0.36150383454982277,0.3578524338760587,0.36741559589052464
0.3543504031936339,0.3602707113303624,0.3230697060136548
0.35788456620551684,0.38656834488722186,0.3761258095801785
0.3528653458087321,0.3714659148790082,0.36501461227017634
0.3621249096465512,0.3766876123870352,0.3541267423755227
0.34871879743724593,0.3709223079036776,0.342649132126259
0.35664837207154015,0.37470678797860474,0.34806284150395783
0.35269150418501943,0.44221835624007483,0.3696800961044274
0.34796640527219025,0.3740728829409345,0.3782769548913187
0.3536118647217834,0.36355771765049166,0.34043487718661625
0.3473607436268429,0.39798625751811806,0.38635625127114614
0.354051991514163,0.4009728102474673,0.34364713634497096
0.34999291326593285,0.3493386760528058,0.3595158152289568
0.3478286993940967,0.34031379121092775,0.3183421609577636
0.3523750347967316,0.4096087150816166,0.4128975996649978
0.36345000611957673,0.33701449678832296,0.32639289832500157
0.3522962931552839,0.3482911739537125,0.3293036075521478
0.35403201435821535,0.3489699195686497,0.40612521092995674
0.3516611869497125,0.32859600428941865,0.3586408190444481
0.36093429774847796,0.3712466809389647,0.3532291653461071
0.3567789868416437,0.3318152194260157,0.3432220387014779
0.3498017981660754,0.3452352998987193,0.3173132942196245
0.3523354690250526,0.3577853413379146,0.36675198074721915
0.35131000696727666,0.347473002007872,0.3315381965239448
0.357857591538532,0.34144224355613373,0.3437032001415471
0.35540447820683835,0.3429971262746187,0.37160189514125114
0.3553606579057751,0.484634885516554,0.3481920687843174
0.36120422875936636,0.3911833658786266,0.3252743615543431
0.360334653467557,0.39402407733109596,0.32418624633329
0.34702685232671404,0.3279851586995156,0.34460839253139836
0.34845340959986737,0.3734254223891688,0.3618269307764379
0.3464983294924454,0.4098282688632722,0.3415930779517505
0.3511238948535,0.37793307542641935,0.3425842872508052
0.3537618076454974,0.37569215934654426,0.3450085202521695
0.3559204555697244,0.3502582261877972,0.3459174090542441
0.35660904691583506,0.39223374378255516,0.36172131299708127
0.34897426979522533,0.369441735550405,0.36152951919569515
0.35485402311365055,0.39643915323784445,0.3907020529099344
0.35623651558392844,0.33791937258061533,0.34339998254059895
0.35538888919553197,0.3879493443160768,0.3566681685908293
0.35056535925618654,0.35122231085101596,0.3485604113309183
0.3588298977633291,0.35042169249715177,0.36656070276219743
0.35421224401987883,0.3657823208554941,0.308707441403023
0.35959136572384254,0.3225578389548643,0.3355008023465347
0.3583779938709492,0.33553837740981673,0.3592372680649659
0.35074587886978964,0.363357152150325,0.38509828879683494
0.35145704932398003,0.36598231527513075,0.3540251401618381
0.3584562756907857,0.3367262574068516,0.3866749486333508
0.355688844175102,0.360295485239033,0.3037855427847649
0.35268713210460656,0.3960927520799261,0.34546547196130617
0.359088049144412,0.32976733840553385,0.34853432740091905
0.3526207933526307,0.39077419297062793,0.3306041634059343
0.35988566470311945,0.3844233675763836,0.33313499439448735
0.35228037509142635,0.32961617915745933,0.347429643379678
0.3538970934249972,0.36644544429961734,0.3378382609930205
0.3558828342497027,0.3603632269213314,0.38881071069054224
0.3563550846194351,0.3170067806620848,0.34546869691429444
0.3613132877820822,0.4188234326658644,0.3646613558159975
0.3535648293224727,0.41284332554803826,0.37918084532717244
0.35401768259707966,0.39995128318071993,0.3591281372492705
0.3540054672949942,0.33501204392568207,0.3592442336483634
0.35030460100531824,0.42103191755036495,0.3728440851832581
0.3542765954787579,0.3604175119023744,0.33374877877593845
0.34883179039439144,0.3201360190631276,0.3531521215449802
0.3547856115071613,0.38541026412756524,0.3783394810521044
0.3508007629728347,0.3680547084923792,0.3404686771169042
0.35807106499537306,0.33032815137984095,0.3489790261954791
0.3503756525881949,0.3533424635238352,0.34328453064955455
0.3570552309700698,0.42214060208735976,0.3694689954822028
0.3562242317259632,0.34026592898304936,0.3025698583248305
0.35541645990237825,0.36734059323720747,0.3392904011706095
0.3651379981202279,0.361250846255451,0.3855771425735596
0.3578408206714524,0.3340581882833421,0.35431830307131557
0.35546733978419337,0.3998105691935561,0.37523406271287413
0.3586693953712644,0.34540867015293036,0.3403582582316318
0.36108429224696587,0.3655554068684945,0.3347376921583527
0.35838404279002917,0.3543491412216302,0.35504584668300476
0.34944801163510375,0.37045933136723735,0.33536211473930566
0.3646060333795563,0.36719108694024766,0.36544691831643616
0.3608393717161163,0.33605525542409603,0.3453409514882525
0.3453049930722627,0.36926665014576254,0.3369998718543273
0.3562508281512735,0.36516456867956554,0.38784348231228966
0.3507906409994917,0.3979827229818049,0.34503699143037225
0.35237691696260387,0.4378483835829127,0.3591749949175436
0.3561998246422677,0.3673812019100692,0.34381988988463164
0.3488759054067287,0.3224897133035363,0.33432058818184673
0.35649050186810444,0.3456671851707564,0.3411717892222648
0.35008783720518816,0.3874700018655648,0.30377479444149846
0.3513368814754916,0.3649651225265801,0.3557302674213313
0.34801441719803305,0.3996349427513459,0.318974482368625
0.3565771920072749,0.38724988188359694,0.3403544854109478
0.3470149189902444,0.3828227409313404,0.3488215172649468
0.35464593219045054,0.39472659161076,0.36360403642827877
0.36087183908470055,0.35957707896607943,0.3388371359384189
0.35812272087731645,0.3874380995088417,0.4299459799077957
0.36018724184916523,0.3863043590425501,0.31605731179856655
0.35261364017436336,0.397106171961519,0.3638022958689258
0.3556962845888878,0.3872122615602279,0.3524505162420228
0.35746925325569473,0.38397665614140597,0.3432599372046779
0.35700490593463025,0.3837869010754488,0.31415176432545977
0.35705224223189613,0.3476710144751487,0.3151619934057407
0.35326569331147534,0.3544921931109681,0.3730534465364252
0.3558574043335138,0.33216101215702687,0.33727100596578213
0.3616138010504365,0.35310159707866096,0.34315345377285156
0.3532180781905016,0.34373329081540616,0.3628245282610107
0.35151953233266586,0.37213989610567105,0.3276093686153127
0.35606752471845166,0.33706462472135007,0.3267080101974491
0.34510144082835453,0.39812704624090456,0.3764905114783453
0.35741693707082023,0.4029070557840739,0.375919709597336
0.3562725368975337,0.42414877178465643,0.378688435816159
0.3620829683522115,0.35612068604305147,0.3523822661653093
0.3487311653457217,0.37663987208316135,0.39232503028358484
0.35384721935399255,0.38629346240166706,0.351693884349198
0.3530610280885087,0.3511842871400711,0.3769586525025363
0.35458594600027654,0.3794515759829645,0.3542173705223681
0.35419787184957097,0.36122255271573894,0.38041720748447194
0.35334986986935457,0.3308449845224635,0.35070811874750624
0.35257429612348345,0.34293897691264513,0.3100639974380804
0.35661889553324605,0.3265574555709941,0.34200697951602826
0.3542852307609866,0.3769197031260204,0.3453951578382115
0.3607914101487879,0.3892077566932414,0.33796986617751096
0.35092670371858875,0.3529591315593594,0.34755963275539636
0.3549638251955804,0.3706396624617685,0.3763738799766147
0.36142671696816064,0.3517649414391517,0.3494781515618971
0.35451069957325465,0.3871317388752039,0.3414784214399886
0.35308774903941215,0.3617007691108834,0.32715749913136877
0.3539392212577378,0.352998477679642,0.33481581935223176
0.3499334901955968,0.3515999074689449,0.3896898462971563
0.3604342892412573,0.38428752299513097,0.37944634851907527
0.3501283857591085,0.40837993245411125,0.3545510155177326
0.3524049854540376,0.38542855166940265,0.37119082505570333
0.35682745752050443,0.33812198779566005,0.3491262483663783
0.35669069938819964,0.3651741363096584,0.3476754711216719
0.35793156450310054,0.34681508069979267,0.32723632545343717
0.3568867555540714,0.38618493452570224,0.37369757115783886
0.35950994040725986,0.3825369241472772,0.3440026680549558
0.35269783517029724,0.4047339439160965,0.34594791647999945
0.35050573066568314,0.3478386262981688,0.3672507314739191
0.34928209245789754,0.3301445079959014,0.35447973168994973
0.3543167534855001,0.33200958961058924,0.3715386971173882
0.35065382590097993,0.3666333448969932,0.32417196044183294
0.34710837514979226,0.369857391381666,0.3596794190961234
0.34882335219880956,0.370920784837388,0.3541195414376438
0.3568700270971215,0.38096779826709243,0.3228299415901104
0.355286081448297,0.42301106363254043,0.3268439831985309
0.3466483540401439,0.360995317953201,0.3478215490740376
0.3596437988454983,0.34932723894631706,0.3293398249586494
0.35753890553722034,0.34193841254916935,0.36502260344540854
0.34873177828467244,0.34541763526906816,0.3689727613615556
0.35464264180739463,0.34017371688489517,0.3554000055812487
0.3571678426752392,0.38499294192348243,0.31634468013588085
0.3565687730831981,0.3742437668582193,0.35421903327035914
0.34627992293160736,0.34865375648445435,0.3465528899787102
0.3519383018476314,0.374760971628704,0.37246216317121794
0.34213140550695886,0.34848441126708846,0.33649014659431253
0.3541796582747547,0.3335883037788975,0.3449260096794586
0.35315919766111575,0.3494362019415595,0.36019396422157485
0.35192772393666977,0.36015522683362255,0.40086499838686035
0.35265194268142697,0.344729086421582,0.3536430015148508
0.35857825023847084,0.36420905005867327,0.3635673250284167
0.35839555256672334,0.34223160208098347,0.335916792312693
0.36069320987056075,0.39870949148946166,0.3491411518130597
0.3525146610256994,0.3666914438710837,0.329642124389362
0.3574511221328108,0.39473150951618136,0.36166249414897444
0.35302418273991437,0.3279238656761978,0.3387579322819672
0.35263717719493043,0.38263192086797126,0.381130018495664
0.3491675131673005,0.3537887897086355,0.34775770045141746
0.3570570203815492,0.3132375597365238,0.358580800567234
