0.35206649888125496,0.39185442676249416,0.30795886470324874
0.361913454365132,0.3812042475611628,0.3441365616019597
0.3440194779114654,0.36859526957464767,0.4209537107136414
0.3655125425504876,0.34378545560392537,0.3298201426306172
0.3592920360895511,0.4115618174163529,0.2787812071217914
0.3536371453974653,0.3381831516432942,0.3843673914998823
0.3480271126458761,0.3814837300374588,0.3826190720529018
0.35958555942181014,0.41096181922213776,0.40652653263199506
0.38078139551951995,0.3568991273177791,0.35756121469922286
0.37289975894555044,0.3813803447083539,0.3412110757147578
0.34228986384875393,0.34703713898436617,0.30112319978560914
0.3514571821673094,0.351398659545356,0.2751949445479306
0.3534161081461835,0.3127156424949351,0.37864906293909156
0.3480365780591919,0.4010643419514688,0.2996269792199282
0.35520718189150335,0.4153525859853224,0.49539956203093954
0.35876701149573303,0.4722801031929802,0.42116347784245894
0.3652575654296618,0.5089961283262066,0.40001697225111443
0.3440851688591677,0.3648989634413002,0.2956386847680806
0.353303733996251,0.3369626546302735,0.2977030866821632
0.35150973349473935,0.38804535115010885,0.36556157721956933
0.33558468223589405,0.4203286029331754,0.30527579593215876
0.3426300030746326,0.4195028019856219,0.39842719543699623
0.35442229636025624,0.34837827475981853,0.38430191922285994
0.33891354641689564,0.35947665819505725,0.3461682659778801
0.3602907023399957,0.389799220185401,0.39838428950255367
0.35230179385725735,0.39396396403567746,0.4020083149552583
0.35317401049441854,0.34466262575295664,0.3207580125213532
0.3501693159537257,0.3706815226406942,0.3196101760126512
0.3530072486088128,0.4005088043557097,0.44492094784285896
0.36430897342713425,0.4071688625830526,0.37794504110414384
0.3595448988257515,0.4787575090999435,0.3818035502538142
0.3473714606009261,0.4704749888548246,0.35689219181395687
0.35669029232080757,0.3883558122810718,0.34672212776425543
0.3578273005455506,0.35357498697962114,0.3307722607065277
0.36235191386508536,0.42859954887598406,0.35393127518729695
0.3592099023686021,0.42517313277114,0.41580129002491684
0.34923445492057636,0.3969170704852165,0.36525653767997357
0.3567906708578565,0.45038592578783976,0.34492857850188663
0.3532586188717974,0.43217616538485965,0.35921497540763414
0.35844524341733486,0.3211804416220312,0.3584806805000171
0.3349613886421895,0.3351282829730015,0.3194512367431654
0.3550557399316422,0.3892360500511034,0.35606855652181923
0.34029782088996047,0.44675677073521547,0.3691705385878144
0.3423228450661104,0.4596758873737611,0.39566048190336855
0.3547973410525006,0.382262102857666,0.3277149888110761
0.36207472802731666,0.45945572226279474,0.34673063348443767
0.35293596142942907,0.41060785686629675,0.34786234103047375
0.35854241070802384,0.41866210801994214,0.4649047726840765
0.34127348331565077,0.37288762157325706,0.3486540221185857
0.3390257064422573,0.3564513420492291,0.3798105985477148
0.36097610143687564,0.47731255390871163,0.33471333119551694
0.3539103510414176,0.34489259481409434,0.4408633753122378
0.3398215599874973,0.39532870125671354,0.3182833306504811
0.3658681894607581,0.3404043771046482,0.36534765956991905
0.3534059368784007,0.4073531227910122,0.339510833625168
0.35420026892284767,0.5244886148801126,0.2896910096964968
0.3439242893241546,0.44401322345628097,0.32062031111453454
0.3575112208726794,0.34124180279997524,0.32343928284253476
0.35523724214186947,0.3731365549353294,0.384703664777713
0.3628321399705997,0.37473923867864983,0.2921927547313955
0.3574258113024102,0.39658129638524653,0.3719092065874717
0.3525860442233262,0.46665035321889503,0.3039716694743144
0.3514020784995599,0.3596063553132794,0.3795047262344014
0.35619400964618847,0.3856539605649362,0.3540764072128292
0.3489889167928127,0.36828237869289043,0.2845963878564155
0.35395224131171005,0.3673490515498027,0.3349586735757088
0.3575453811966781,0.40315174437734186,0.3889392619934586
0.3532443596663005,0.3294199049509996,0.3561144326214893
0.3556206842057968,0.4354560890228149,0.38102412835973054
0.3572951876174763,0.4698398751350852,0.35522164661419653
0.35852220011494895,0.4146310430522015,0.3271717807380568
0.34642112612572457,0.37498055778431627,0.35113052486338114
0.33970175084782667,0.34860011791080775,0.3056725882375219
0.34673635796716074,0.335083619905082,0.4128227611863756
0.3624825260986992,0.38245459522463837,0.33414755164345106
0.35271005197275124,0.3854104614797382,0.35470407782241664
0.35699701989495486,0.4797572411816053,0.32672081111835155
0.35385973779647345,0.42315452893291317,0.32595072030150574
0.3555897098533601,0.4493918432715556,0.3549826968402486
0.3574748965029189,0.3827863288060753,0.3505822582700619
0.365830390891369,0.38057180437555127,0.3210009284190251
0.34661925240018,0.39819684794505417,0.35647338224651715
0.36372778001141026,0.44425412272345083,0.38631937446166786
0.3679373877549481,0.3966636592579533,0.3875507398178009
0.35007675392492577,0.39687143683037174,0.3713596133690707
0.3634157377109425,0.4317511294934416,0.3523205986078928
0.35026910431413727,0.3283437390114657,0.3323629142717746
0.35549137758508215,0.418340857158473,0.3631342552349189
0.35259143196419807,0.5028337394693715,0.3497096219645294
0.3719654468339921,0.4081622789972073,0.3062446896977307
0.35760777331367904,0.4246563603761682,0.3157308879651288
0.34936857930355836,0.3480750387515067,0.32853451542527456
0.3576590248771378,0.4421541590656966,0.36575033368149085
0.3492605513020997,0.41828767702352837,0.3496128444193115
0.3558719696367746,0.3231745841422688,0.31522758334609063
0.3576886595463122,0.39863754762705567,0.3372245216458473
0.3663411150501853,0.40199118754050767,0.3836969775091062
0.3469835159162551,0.37353796341845635,0.37776258484897407
0.34690379826310486,0.31929495380211115,0.33565742477047056
0.36364108781390686,0.4077976328698937,0.30784665570813924
0.36119250857326346,0.3574199601974135,0.42946213130778255
0.34849906871207503,0.4307647229894039,0.40435883058088534
0.35185720476799515,0.4173913598771184,0.3705643276227395
0.3375590833289383,0.3469901542107981,0.29322966256752475
0.3527681991923558,0.4065905015086836,0.32145043983224764
0.3573818097542383,0.34241459012547726,0.33136521961909565
0.3518477685550711,0.43467090074863174,0.36317041886305607
0.3409114504835826,0.3933084270113506,0.3699772353026771
0.3523608371732619,0.3403171364936414,0.39993936376977773
0.3469516347169006,0.3685404816645857,0.31510469021693954
0.36234915788385214,0.40076917557096153,0.33288714975287026
0.3421296907169024,0.342720843074194,0.3343543726350783
0.3544204957631632,0.49343227381941357,0.36347810787449275
0.3832699711007293,0.44325892886688334,0.37826547952794787
0.3500910711235806,0.3105058718873034,0.4213408599509692
0.3614072393787497,0.5308893650657088,0.3452798688242282
0.3588505159864919,0.427278769580393,0.4756846892756841
0.3434950395075159,0.3751895263963378,0.3793699144085534
0.35890205214033793,0.3567693282428104,0.3544973022282126
0.3530275615156964,0.32533479979121716,0.38144502020397913
0.34135065568107703,0.3366672246635921,0.39533020192087104
0.3454888788203304,0.46347064844733277,0.3460799582544454
0.34863197920214883,0.3866717679609102,0.3556874348994089
0.34654016055602693,0.3929812767309074,0.3654328016012032
0.3636504795589368,0.3256278581202905,0.32725510406949754
0.35139722002348234,0.4134604527927521,0.31603064825045984
0.3530623096311212,0.457550242530291,0.3656786624098247
0.3602309035979532,0.40831897606569445,0.374523727898017
0.35050374718155597,0.4143031420330939,0.29516870916009147
0.353663722597263,0.42760103339105293,0.43050857010714183
0.36515003656768447,0.4047053826608695,0.40675301514890116
0.35349392034558846,0.3573834954120159,0.37714774193085354
0.36489336294955327,0.35124337565289027,0.35147203988699666
0.3488096119013034,0.34419477139716576,0.39595391806590663
0.34274114133553596,0.47574691020365484,0.32169625949413877
0.371049514933651,0.4561276505693301,0.3624647941715147
0.35632861112597813,0.3328870940351851,0.3306559049989362
0.34144311265235666,0.46985306516400493,0.3509239878872654
0.3618312084709693,0.3816426683527508,0.3344553614236226
0.36275988040672047,0.43327259409388574,0.35971428342323336
0.34774833139246664,0.42608695950984404,0.3168499521337679
0.3393020273460044,0.413251748558432,0.32578402569693743
0.3559896074419082,0.35879171961305956,0.3916311738873416
0.3563435794345574,0.38671607271338587,0.38893943475630094
0.3593482753791029,0.4128388020008237,0.41013465754588907
0.3666419232665048,0.5375941102946062,0.32635789511374624
0.35059294788355794,0.3549385827840263,0.342617809691973
0.35396996946360165,0.5392257946179797,0.4159924387408145
0.35627411371035256,0.32821675049737076,0.42384156896368735
0.3530387509286273,0.39392689513117374,0.46891092216030617
0.37139573640902934,0.33811089979314307,0.3476684683372701
0.3596571580001667,0.3435289959793707,0.3556527254256808
0.3656423389268042,0.3794160179398955,0.3121281097952323
0.3469488886166678,0.3732308304734436,0.3467859423924195
0.36093280315960286,0.36293331983156685,0.36509427465962285
0.3507380617344256,0.42831243464416296,0.3633431030449581
0.360641163149335,0.39625265240687757,0.36253174089798307
0.34246768540629413,0.4257689592089732,0.40674564437054495
0.3611068556544469,0.4393113951032539,0.285487722720452
0.36348671016027073,0.3368614961048212,0.3536506207894673
0.3503106269317705,0.3539494753997772,0.39801979438377016
0.3575118547797856,0.5050341951815119,0.393367952804455
0.35687235261390826,0.4736131577963988,0.3678391778650022
0.3554496235998425,0.4014052242593522,0.3865994382520179
0.3556035095482492,0.37025233075298825,0.3071974076816842
0.36124247317773966,0.3928733238534379,0.49728936047845296
0.355636954935145,0.30312945620863185,0.31766035595439107
0.3481401736106533,0.43183699767807254,0.36145943001458103
0.34167640943450583,0.2827208448678398,0.36648616269835316
0.3622091529094042,0.3512346834311731,0.2948195251989717
0.34113709593414476,0.4259809501752245,0.3457298086470546
0.371529998262954,0.4859197526979556,0.35274046798106573
0.362349033085444,0.35925584295218027,0.3529193896531297
0.35325450741081205,0.4192431599083355,0.3265023188254511
0.3521671708417055,0.33059003243891133,0.3351508091018403
0.35680554104487067,0.4349601312050383,0.3594185388790524
0.3545226597177426,0.33992066545013067,0.338753820452924
0.351932167595424,0.32756972423968017,0.3558657129068915
0.36944918034630486,0.3322860771822544,0.3400004585135412
0.35684176864395944,0.3778624492953153,0.31964008271081573
0.3505466227095621,0.5094643750341264,0.3902559811715731
0.3409398223133744,0.34319938307767894,0.39622972525841
0.35405371998421037,0.44442936860725213,0.37134112242179196
0.34367879561785564,0.3861493657954646,0.36591462663628366
0.37028682983178707,0.46380292043314647,0.43742690589247
0.35709404107909226,0.38972281528825303,0.3935237972548443
0.349226066475692,0.30746849370705603,0.36937088894589964
0.35556483751914586,0.4881272582831011,0.36933705728536886
0.3695707134954875,0.3674021512056915,0.37488476215633565
0.3648211239188558,0.4656858662146323,0.35113434560941664
0.3593505171411308,0.42499336748487715,0.3606654151609711
0.3609161953767971,0.3642026019390401,0.3060605281631794
0.3418552990489509,0.34524451959963864,0.38319627243003607
0.36035219118397915,0.32797244428518957,0.3799625063294737
0.35166238128014693,0.4048006362457272,0.3588682683392494
0.353087108187983,0.3262804139134758,0.34153008634065557
0.34523382455139096,0.3576285806806848,0.3159804878692555
0.34576273648425165,0.3119217581307328,0.3329767707339001
0.3583454358203365,0.40732954954999145,0.31392943941964085
0.3496739936701917,0.3790771272541566,0.33109546211252516
0.36414521360914226,0.4805451844846219,0.3246470724533527
0.35009604367276875,0.38171138559150164,0.40439391398381513
0.3510902110783521,0.3426964828662743,0.34389359539083564
0.34196505203582805,0.40057532561249043,0.37759872255201327
0.3539906452411681,0.4139544546608362,0.40525313362184834
0.3438900006169832,0.4059588196902493,0.346228203236491
0.34936387355280896,0.37580476011773567,0.33807383814086234
0.36331734943890165,0.3916452376845449,0.3596611532799381
0.3434184834091268,0.4375594814848293,0.334254381449896
0.36175968694288185,0.3935481554277959,0.3283365148744979
0.34755680785713816,0.36086497466806994,0.30874023874378875
0.3578817264007673,0.3971407413954803,0.3439751031527366
0.3606929540772515,0.30522882451547123,0.3207176261337388
0.34135376927156363,0.36958072378043094,0.3867982558271596
0.3584695559887718,0.30681097621003195,0.3058463037141674
0.35871893095627705,0.3603307088075875,0.31845822447518923
0.344150552561043,0.3271873147306562,0.31891344406230604
0.3531517812574954,0.3722008527674675,0.4055090461736315
0.35810950692159954,0.38410848994019936,0.35007865577122843
0.36309498885282715,0.3790528918375595,0.44402553233867054
0.3528964369752599,0.44784783147518237,0.3868104303845749
0.3476529829750194,0.40557641450208587,0.36635119649072156
0.35686764868648485,0.32753352568048644,0.3906525188287552
0.3489826579547682,0.3266092956980149,0.35851962091855594
0.35185644481612766,0.3547987329402979,0.33447178217070045
0.3561359498657404,0.37152533868241777,0.31666485300760827
0.3520808953320055,0.46270546709460575,0.37333849542958336
0.35532101202567207,0.45922695593030805,0.3870492363583759
0.35171326888203286,0.40483655461465096,0.3672136708635855
0.3546587122960402,0.44188709911803387,0.3842489982927425
0.3501163346942235,0.33304246100795054,0.32886718431304784
0.357484564032563,0.3618660416478293,0.3009956636577362
0.3591130866211465,0.3826274169786937,0.375795350964359
0.36304095068439846,0.3680719978340986,0.33400496694566906
0.339153152968836,0.3717414906820885,0.31781087808446695
0.3421080181599818,0.37222892879078107,0.32005069908941886
0.37121857381592965,0.35158316740414464,0.4060265358203677
0.36225361114385485,0.4325772415516858,0.3498707836038404
0.35262493554670443,0.47399534723603964,0.32578978073096365
0.3453399179136572,0.4615407565732877,0.41014015334798715
0.3714225484017342,0.44517523877431103,0.38684701970480423
0.35847425269154404,0.3608097449029742,0.34017417732170474
0.362032705452127,0.45682932504594775,0.35600298987311396
0.3650181794568034,0.3932138070112821,0.3982510680280787
0.3628879752125756,0.3642017273212936,0.33742682203819596
0.3444360378942463,0.35562858234605893,0.388265446904833
0.34677994312581306,0.5285923132743255,0.34664392679579664
0.35632803925774004,0.45849230465595303,0.33172308179141585
0.3397940150355786,0.4838576245733071,0.3252084295788327
0.35860792328275193,0.47940304552904656,0.34924411594802873
0.3452789010537327,0.3443189223890558,0.35846568118430633
0.34488090846541136,0.3979894871412596,0.3521527560115644
0.35940661723166645,0.444081182888236,0.30907779180523
0.3474680846998576,0.36241690073131055,0.3468959270388327
0.3578678167287026,0.36954173259240947,0.4341253168863995
0.35731088212991874,0.3866768927298979,0.38038737434447695
0.3455941225867182,0.42690099573035445,0.32769556799569105
0.34696858490059046,0.37848622361777734,0.3599813723880488
0.3460904980811871,0.4131982991315684,0.3027934596806313
0.3633426111181364,0.3869590623221137,0.3115163914594469
0.3533225751001054,0.43222285690575535,0.36039230923541427
0.3500032624665311,0.40221604232352276,0.34410282329199493
0.35603596888014566,0.41580918677701534,0.31609062520738124
0.3533163126703481,0.3910653677342506,0.47186902163470995
0.3496728197792885,0.3312019198536276,0.3329845063252119
0.3504142771276356,0.36006890867646907,0.37062380907774534
0.36234919329214244,0.39445935843694224,0.3338269299597255
0.35675337262476914,0.3772559852577416,0.29780827576980606
0.3533883231282996,0.3250067778152972,0.34821404607062456
0.3484270673386342,0.40404522074803917,0.3607469923117088
0.36202271583004075,0.32576649017768694,0.37476220814264966
0.3450564045663444,0.42654262236436785,0.34006199972629053
0.3564437549446016,0.42353846431702263,0.37806500830721657
0.3523197697910527,0.35370936682936915,0.3438414439738442
0.3495043398756029,0.4615667023097904,0.3789705085676362
0.3717021100400342,0.41303920458648347,0.3309270868615467
0.3389499573329315,0.4961609244713387,0.38138494496300235
0.34772120451390487,0.4382972649755288,0.3707824742350077
0.3458058559043227,0.37787508257746283,0.32927068621767486
0.35646207136244895,0.3604610227281615,0.3408062601976863
0.3420331589545559,0.4613537017553089,0.43582447604325814
0.3481143698435848,0.37594799393069095,0.3341444816600947
0.35827839027144587,0.40460504931924257,0.3488017953666828
0.3574914212977825,0.3405531640952718,0.32131916661117277
0.34109692786864726,0.3890682464526189,0.3167459026655497
0.35639923743955676,0.37606767861185875,0.3432191827428717
0.3562720261062246,0.47316588176170354,0.3183517976338084
0.34889821823595063,0.37894976569731936,0.37876766322492406
0.3523988741575216,0.34529816262507024,0.32473039309446994
0.35961028137224227,0.33177772513541265,0.3963258389735342
0.35776909118752526,0.4862204043106372,0.3936827569564692
0.35078403169491146,0.4155874209544971,0.33160166243803335
0.3467525757494144,0.4344476482713915,0.36753162464127825
0.3518216477167163,0.3624482072733991,0.31982378387236315
0.348362657019439,0.39326008889137803,0.3129294830095908
0.34650274904802647,0.41162179701907037,0.3939823885914549
0.3629445235900681,0.40256318233384913,0.2952964623922404
0.3558434937954205,0.37174285316671196,0.3520098987877661
0.34890911486143816,0.3497487887196983,0.37173086329381777
0.36308442240830124,0.4102964112979086,0.3441292275769153
0.34802459611742576,0.36272257552265985,0.3417024512523323
0.36114846699211317,0.42152444778764014,0.33526746430829707
0.34740773991120566,0.3735717395289222,0.4719670247665225
0.3465368581550634,0.3405732685572584,0.4267621287326909
0.3421900757885333,0.41959171529777356,0.3716887068862271
0.3493655723611704,0.38824642375554713,0.4498127609808677
0.3465767516341869,0.39651321459329675,0.4551099223778542
0.36318753579162505,0.5068013404772505,0.5007033844909458
0.3564735572282202,0.2803657812620837,0.3907556698437278
0.3607398812108178,0.3879447940331199,0.40134512883768825
0.354176396880512,0.3692342267386205,0.2983403037585321
0.3450353088568766,0.4539283173612812,0.3460422257478922
0.34783073598131353,0.4064701066972819,0.4062345639557634
0.355465492691897,0.5091441744173454,0.3289238380674879
0.358041820112936,0.35665112490378903,0.3845487266092346
0.349422105782141,0.45066300146066157,0.3807930598168687
0.3642018576293567,0.3264455384579458,0.3297359211124536
0.3566127662299428,0.3825209684476065,0.3482105036356111
0.35992063496884485,0.42373297717322495,0.344659992348135
0.353350101752816,0.3567396398049699,0.2908004486853927
0.36038350805705704,0.3164990912910996,0.36237746058633213
0.34799349240914795,0.43431894012665695,0.30966367120415833
0.3453581273183955,0.3676782757173395,0.47503103592190077
0.3450812877541684,0.37081044112389105,0.39600484873673986
0.35936626660002097,0.34527591169727473,0.3663462413161089
0.3521974975692388,0.34918967392115485,0.31591840604989874
0.34312120223715337,0.44029580043623207,0.4733029137035235
0.35663408492086296,0.3315103425319361,0.3227713183453039
0.36408403654762167,0.39041125937138954,0.34759607120240715
0.36526409503930796,0.3626150743374715,0.37794203848215296
0.3450936011348197,0.38019899097089666,0.37175821362135975
0.35582654681156356,0.4406661254628383,0.335022684948626
0.3612705943226683,0.316337508942457,0.3306583587691454
0.34483894050208874,0.4041258668183969,0.38694334701845823
0.3549881767074529,0.4147566873646144,0.440158052261176
0.3570572457224754,0.3941806275658108,0.34480228535774027
0.3472624475737658,0.3817693042771375,0.44430880566641884
0.3488404962624525,0.4737962453459745,0.3831127655812456
0.34575383717086516,0.4018955025183164,0.41206757570662184
0.35931616815103956,0.3607158198577958,0.3381019662720236
0.3683642139463496,0.3593555044725209,0.36624654949045543
0.3604167461477943,0.3471922096791096,0.3982836491683941
0.34959745930753905,0.31197940797097756,0.4146441474716128
0.35047857379204256,0.40466396402514476,0.3942480701145176
0.3528955955902729,0.3871695436420025,0.34225407208989955
0.3627947166306003,0.35457967596147977,0.42509606661041155
0.36450281087895653,0.3325917572165577,0.29330290575691553
0.3613979443820854,0.3133882383430943,0.33542558979207016
0.3416501988242612,0.38090407006020305,0.35856046156185906
0.345219419739843,0.44240035938083405,0.31785207297259127
0.36259680577784015,0.36345348568932234,0.33569404691626653
0.35349686333204033,0.41666240093085455,0.34597111170275946
0.3614331313389139,0.3118341218748927,0.36319681206094107
0.36179358960433616,0.29480044848625314,0.31481253026396117
0.35694266516451667,0.32309651443053283,0.3388079813389869
0.3599123501505726,0.31557050989172686,0.3756921960993408
0.3570440154739294,0.34543149673426543,0.3456672110375675
0.3605285667261839,0.31860292841871457,0.3316986696498961
0.3501435296691784,0.35337558352756154,0.32300462039614103
0.37163064674941604,0.45089890687527234,0.339017319422503
0.3485440036647481,0.3787950534644587,0.35561558791703507
0.3568901454393699,0.387526855872523,0.34870221087617687
0.3431469797817626,0.3948614083204741,0.3608360611746714
0.3552040278487106,0.3602247637673742,0.40844567435964857
0.34737275605857026,0.4380789438342287,0.30873871922375856
0.3610280689013687,0.42708474268406127,0.36570219638610374
0.34508633465962824,0.35102574776676465,0.31141764516231746
0.3416758383872038,0.397129069195048,0.3377635105475777
0.3612138355401386,0.37478176162046883,0.2893697667833378
0.35399110686733165,0.32317654390536865,0.3452358481203144
0.3547805713012545,0.3311759727605308,0.4085719470967354
0.35957822154542274,0.3618097653099025,0.41269815146561833
0.3383083054559983,0.41693515783407126,0.3806283725561425
0.36146481879434944,0.33761667023016717,0.3345969053103833
0.3579531105368524,0.3021536362347218,0.49171187438161285
0.3361057158151521,0.503325198718501,0.3419372947532122
0.34558023050676934,0.44065276618661103,0.34317832139259585
0.3532567071017449,0.28768414013168153,0.32208033411653225
0.3460864453004772,0.475155284634929,0.3362148676204495
0.360991663538384,0.3797930689387017,0.4263177491405224
0.34332053132255574,0.372057681508147,0.394580515795439
0.36728963552611177,0.4012386135780815,0.28428978135290683
0.3491852356442502,0.3893363454415477,0.3481627105260635
0.35112602611539956,0.32623394510429077,0.4494972531060264
0.3522362812349086,0.45089235460572674,0.3455035499227227
0.34512646383120144,0.3863743970178419,0.3142194635218776
0.3511017867756829,0.397347950497017,0.3738714000329296
0.3606299769279525,0.47827369811667747,0.37321580240342844
0.33568304278444133,0.3935945418344641,0.4604249271631071
0.35698108063129474,0.4501838547261918,0.37719486906466554
0.34585153436100313,0.37810470416373143,0.3946254890450894
0.3617021255220996,0.36825687250136224,0.39396322640392784
0.3520740285972095,0.3325991630724629,0.37155834183465364
0.3675840592575055,0.42110810912839164,0.33380880398264023
0.3534492886609228,0.3300117941929526,0.3144162868520046
0.3438275697292464,0.3931316692834629,0.35389596575751403
0.3459758619530997,0.41781169160288756,0.33344899816046764
0.3488817324594952,0.40648568870203294,0.3583929697994798
0.3644420973933254,0.42714090936259513,0.3516513300873566
0.358909067191458,0.47050506017698335,0.3578856359329548
0.35640087727382086,0.30436120701503366,0.3256989223867971
0.35235599374987814,0.3735208797788114,0.3505042953106418
0.3539339941257869,0.41724856812855265,0.37298279068077317
0.3425596542485087,0.4643957188592785,0.4070003530531738
0.35686918319014377,0.4071157809719064,0.3829509633842179
0.3269959375157208,0.37181072063289,0.32698432255112875
0.34771231900411687,0.35524462885232533,0.3712096984447827
0.3493866776470059,0.3396835818810479,0.39364038827215625
0.3531025545854533,0.5454639869393775,0.36464619941621684
0.3543329945258648,0.4236097760640259,0.3496394222175787
0.3482878111120767,0.4671876125590067,0.3148401779347233
0.3556229730248898,0.34662684064135035,0.36233914519181715
0.3582276111647294,0.4011041941633929,0.3767878222790202
0.34792275972953307,0.456565809161979,0.37239089261601516
0.3468075122390487,0.32129760007196934,0.36000628806098556
0.35550131440326643,0.3012560105651241,0.35517329311924234
0.3578900325744326,0.4123920944477081,0.29052456948111516
0.3397068490502848,0.3605059060747218,0.42761318096338163
0.3654932952270778,0.5031235647030279,0.3584935611569424
0.36180372368754593,0.3888460275137124,0.353566901363582
0.3641619668462128,0.4722252963085526,0.3621799886805893
0.35353677482143986,0.38003751546427983,0.38825705344985734
0.3538600681686519,0.3799411267584507,0.3330521647916371
0.3428350562314435,0.30182086524616325,0.36368850050588175
0.36101072442583704,0.3798307895090678,0.3438858518700245
0.3486992666783736,0.4838870900934789,0.36207489233317836
0.36846064111978993,0.38657845952041703,0.33939323559772755
0.36204356563863216,0.3918556913664513,0.3781111225822299
0.3449391368273613,0.35390111640169275,0.29758562862151416
0.3638789557266952,0.3247279690418247,0.3543899267990447
0.35903638086436696,0.3259324701363125,0.4076835278914493
0.34735716368958247,0.41025579840806886,0.3855552628929385
0.35993691807321776,0.3833247644618409,0.34475147159674735
0.3504360667233768,0.44878504719815826,0.3682217139539029
0.36658057879847705,0.4288537299907396,0.35290762956348726
0.35235802507877306,0.43866153328064295,0.36332502487701984
0.35298020603710206,0.33182846039888614,0.359134381438757
0.3650756569387587,0.347089098559325,0.32980824677680787
0.3665383306750192,0.39963486346517624,0.36011461060095473
0.35560321874765227,0.35956240707976994,0.3268082235839283
0.3562089851421537,0.39600857485256613,0.33992587247381045
0.35049054499467364,0.3827790432104088,0.3925662428693952
0.3628580220026862,0.4482835369860527,0.377991763092594
0.3515256762067912,0.35671876129475977,0.42620160835430876
0.34156138712412615,0.3921072106038943,0.33036016507788063
0.349943788220065,0.36289790333246774,0.37738556632902703
0.347454271596645,0.31878016487598193,0.3457531133540983
0.35155921218318825,0.39198487437138574,0.3946236867651123
0.35683043532026637,0.32298157492080226,0.3259114576838069
0.35072031195190734,0.3643211454928239,0.461317947528629
0.3566716042162362,0.38748194817614523,0.32365698847428304
0.35640581616334616,0.3482837177801704,0.3552311978856835
0.3550529029815663,0.34304443031610027,0.3463313420321719
0.349366428790432,0.43407521833607415,0.3508732855285428
0.33706522930532545,0.3756617576759675,0.36628338251383735
0.35551696051830234,0.3777515936832194,0.41624565680237746
0.35782877858848666,0.33965740611651984,0.3955936291614551
0.36088495991704805,0.3026684382691096,0.3563941407330755
0.3530667638464472,0.31215906121957165,0.4290077382902215
0.34385656092820416,0.4186771980095908,0.3545217282122894
0.3653179168267271,0.30301928296933345,0.34794057016585006
0.37066311653698897,0.43344718451652303,0.4105097601316361
0.3474141683430053,0.38756271222243865,0.3470224160201113
0.34380278089053523,0.4311935287697221,0.3263580178732022
0.35549573131777423,0.33772653366054917,0.40110011007488483
0.3555118246903288,0.3952934268273796,0.3651110950780486
0.35760795966484427,0.4137085938097558,0.29422817816786406
0.3542063135807045,0.4040039730112741,0.4060853058081807
0.35224201739036703,0.40250622154462296,0.42247044791060384
0.3450407381160173,0.36927518570969775,0.3600496063736943
0.35549521326136235,0.38453710353461057,0.34928793079784176
0.3478990554822799,0.3833231344763414,0.33127535628599586
0.3635646798346937,0.37534742341098876,0.3904597114479244
0.35769528954238733,0.36801950224571306,0.33364545375804067
0.36585533884163557,0.3712226187364933,0.35345552374355543
0.3468548943394273,0.33358607839287013,0.3260972568296877
0.35300013851740014,0.36043135352833094,0.2968839778351026
0.3537050185127998,0.3179096762797245,0.3528268476931814
0.36090064048173104,0.34663276524363706,0.2969647955692078
0.36020754305988933,0.3848121320627313,0.33127649901906314
0.34662822541247573,0.4238668128572704,0.36487849428364727
0.3534782990873027,0.3545703433746842,0.2814724597563187
0.3497269643569278,0.3794154938308212,0.3857519783369916
0.3548328208724579,0.40447425426308853,0.3695120643985147
0.35176738401138635,0.3543516148595296,0.34771625000824713
0.35489301131179846,0.4218117686674038,0.36856050072600566
0.35651418893511133,0.43916028575122945,0.3692756305996077
0.3548117865464754,0.44276044274019455,0.36565058946125534
0.36406249418202513,0.4010501202868207,0.32632905446127536
0.34527524736313575,0.3444903614401806,0.31980797743811873
0.34865488439357123,0.3596557223079252,0.4515172547146649
0.34601916962028273,0.40083725343902,0.3247831747711028
0.36062242267867595,0.4308306095716327,0.35037375654074165
0.36080391399586176,0.3884149834177255,0.39087110144314113
0.3625678724515836,0.45504069482288495,0.3566373418310856
0.36730227261674725,0.3317934695061823,0.3816429504536174
0.35689551574208705,0.42860452969140533,0.4155713239612618
0.3455295589365645,0.3740986551771917,0.2784476197913522
0.3508555516586725,0.34594170190682305,0.2904724617304705
0.34635854146632983,0.4098187668870775,0.4710223013723296
0.36578416996392915,0.37177620602553935,0.42065733046192655
0.35880410435630594,0.4450804275549433,0.3284090071481094
0.36085305699497217,0.34005649515128533,0.3362208650297734
0.36154926651504016,0.3222025640859668,0.32094861675221925
0.3544065352403398,0.4215541360659086,0.4859404422574042
0.3534250035295997,0.35103434134484596,0.3407012025940839
0.36574465913200893,0.5642192014590631,0.3508533434590354
0.35955882192320443,0.351504312365687,0.36969220879451486
0.3673523820866143,0.3842870603554752,0.34091768125755945
0.3625386352071638,0.4625090224745565,0.38694890750103006
0.34898876942624973,0.4217699183261614,0.3601762040505533
0.35524492512406686,0.43426287928940954,0.34163915350369395
0.35887273195295527,0.39592544490165593,0.35678869530203056
0.34988440624379474,0.36351597722714124,0.3541619822141194
0.3535899044549272,0.38830560438940975,0.36248364585553416
0.3464750508981792,0.3844086726025119,0.32956122183133313
0.36198106200540375,0.47927210154523225,0.33696268328925294
0.36056976675675007,0.3599284413121989,0.3245895305035574
0.35026760802021684,0.39683476101080956,0.36398405708018355
0.34708311400730096,0.3622076051247306,0.36129658910177875
0.35574723906704614,0.4292212681638377,0.3761569277580648
0.3515969767465317,0.37977082663320744,0.3540980588133991
0.3459623574459583,0.3686512112097732,0.3368281351443981
0.3432357672290557,0.31662127006225443,0.37456915104823774
0.36793936556523477,0.456667867581841,0.36014501423404643
0.35180922565759337,0.3669893928143649,0.33364736689253505
0.36024851951844505,0.39263767217574586,0.39163663184214287
0.34995382404114506,0.3649619770589307,0.3590274633174557
0.35205036330601935,0.44372177754021025,0.3729925197618304
0.34216688436486564,0.39830684876161293,0.3728586584304768
0.3588314491667361,0.33735523405284934,0.3319206462905231
0.3576535450577818,0.3545275740593799,0.38135079483270906
0.3648638179284457,0.35247608362080834,0.46455233394166917
0.36986482786955743,0.36803404331899864,0.3406357945787824
0.37853111537558215,0.4130452885503828,0.36225561942487067
0.35873551521625197,0.4278431788132551,0.3785239130495981
0.349799361506825,0.3280386289331402,0.3272204514678818
0.3535126159110471,0.3543576725861708,0.33101498675041663
0.35191974981192786,0.3526265471664276,0.3442960939952853
0.36151779171196774,0.4327921430038204,0.3129964180470771
0.3603487400132242,0.3422574138762686,0.40884703683303936
0.35614602642937043,0.359389894549262,0.31528698343142164
0.3563851840419009,0.4500760478245461,0.35267844172266677
0.34759540524482907,0.42736092306054135,0.3704823547652036
0.3548800791244656,0.37954442073057315,0.3206969589397465
0.3343462544163124,0.3914444654981047,0.3032434221235089
0.3422191804801755,0.42672281070073453,0.4631863443989116
0.3545507918002286,0.36055875314710345,0.3483570014038009
0.3508382214276413,0.3340069350556528,0.3918397783892261
0.3496179646194144,0.33655218255634894,0.35936658092703916
0.3644333530434352,0.4101770341918818,0.309866742063136
0.35892947323399094,0.3694710043385661,0.33763573750202397
0.3551855879065955,0.37818480012928746,0.35147639504684747
0.35617089561098514,0.4052637889903362,0.34381081946397435
0.34204957542216186,0.3781892008948824,0.4168036926920404
0.36393257080488406,0.3495044378777242,0.3245405500901406
0.3377842343583694,0.38221224293179157,0.33530888812253984
0.33767115339492026,0.422942173389614,0.3495744298564226
0.3637372778684714,0.3818163941459104,0.3544002524621805
0.36343191440401135,0.3597042331129937,0.4290568803048129
0.3601953496830987,0.3284941504626623,0.3738584039298621
0.3475995518645477,0.41462931332729563,0.2860962294169707
0.35734926523618454,0.545175857255604,0.3847762294462164
0.3495406046879101,0.36245102183736655,0.3726869603176472
0.3430105768066772,0.3882752311169949,0.35311332482917807
0.35600431979617364,0.3924015000845689,0.29466383638613275
0.36463679861990816,0.35017903114699955,0.40024198300205105
0.3551707359764259,0.43757316996285933,0.37338639797927947
0.346460562525062,0.4437604724202832,0.3413056826053335
0.3482471685527533,0.31840774183102877,0.3495245770757694
0.35682168195278247,0.3190271227271997,0.4738199836430538
0.3605423188371837,0.5064852334428561,0.3862845263660203
0.36105141459739143,0.3602561479697932,0.3500044838008405
0.3552061872429871,0.37145823654239957,0.3472776560250642
0.360320543261994,0.4018009870681384,0.34050037750202067
0.35482574577203896,0.4668507026646138,0.30888826909015005
0.3480217348005155,0.26820441548585,0.3586773187707249
0.35113166862798023,0.37960144681283026,0.3359857994766529
0.34578594336018875,0.36403950340102287,0.32496273995890673
0.36316534930011,0.46792147660492667,0.3968203730325992
0.3482508657957014,0.4162454232125708,0.3277534057132246
0.3471701169994317,0.361602702110199,0.39977388592384916
0.3498431968618749,0.32257060439171936,0.3767682191907117
0.3631652363793446,0.3222933894538411,0.37276301496038955
0.3441102258116889,0.3057057315653823,0.3273532291411122
0.3460605931202851,0.4488089021034944,0.4228444196066706
0.37079068578024543,0.3914656893178197,0.36908146716533585
0.35394421809229915,0.3993536147474638,0.3762683413005026
0.3450152835857293,0.36187072368464046,0.3393364523162933
0.36566738936043813,0.5310148300602507,0.3177578573999503
0.36037534520893943,0.46793677175116055,0.3837977041146399
0.3608749218807473,0.46752482949224167,0.37279204687919854
0.3450098261228761,0.3514883886923233,0.3691033590802823
0.35562124060307604,0.34527220379905077,0.3415591264775638
0.3517184816564666,0.40674944252055356,0.3427607441522439
0.3540895522696136,0.3437569110019834,0.3214680752940748
0.3615264398572413,0.3567500129155469,0.3322496002251333
0.3655788746577711,0.3592299301051077,0.3630939204615631
0.3712348313344014,0.4197329605043181,0.3980298235059251
0.34236483152015806,0.33777957492960375,0.3312884051863458
0.3509557340706777,0.42405674707543806,0.337504958084361
0.349049540152364,0.43649303786174565,0.2955647880696235
0.36300766675963064,0.40399940168635967,0.30505301246647715
0.3658093961322141,0.3669511720287067,0.411664010729436
0.35295633381315894,0.4538211671711664,0.3248935324593601
0.3490193673470213,0.4122870247706907,0.3580544643624047
0.35021593551329894,0.36803156693336964,0.3928229307233002
0.3575429749744925,0.3592414896605251,0.4190451702349739
0.3561937735799977,0.40345004291854775,0.3005251518947857
0.343585553768617,0.35449999668290366,0.35338234908658256
0.3529729983089714,0.4072955690731999,0.44683588930424617
0.3643659728727361,0.4242511983091981,0.3998394257449245
0.35083650080503315,0.43229279222629863,0.40023950758558896
0.3396184145240344,0.3443285137461565,0.31524212421394815
0.35446548678615325,0.40914139911743796,0.44483407256122254
0.3474510039937227,0.44249154261572216,0.40347657073077103
0.3451285811682783,0.3793613703401529,0.4579904573036379
0.3482040880106745,0.3646110922978301,0.3395351249053092
0.35577011230732475,0.32513804724634676,0.36021619714428293
0.3585152281103726,0.3157044942380754,0.43356606633835365
0.3553124860032823,0.4238218272706124,0.30236530780793486
0.35659926345925,0.4142858069502217,0.34992211840472737
0.3517937155350294,0.31622233218640267,0.33496275128724085
0.34441606147793813,0.40152672140408197,0.34950884325903997
0.35962629172814253,0.37389929208792694,0.3768489064033834
0.3530296503558933,0.32108111152575985,0.3773242097402739
0.3475204151892042,0.3670777505827372,0.42930156694028415
0.36553840191390796,0.4475668079230268,0.3248124103468285
0.34534336447757774,0.36141572632312274,0.3704502799029875
0.34989132064219053,0.41226209681620407,0.40035185450811295
0.3469839093480677,0.41753519306663484,0.32470389089010065
0.3592391585732632,0.34888451952046173,0.3555898439232776
0.35855552578690314,0.4703128095088596,0.35370549463390616
0.3507179285313344,0.3112769597851139,0.3703899268982043
0.35572289099255827,0.4430187532696323,0.326935100920156
0.3460154219654817,0.35782677539471125,0.40321970501993915
0.3670399367025711,0.35724791694894753,0.3347226695429471
0.34462396500319337,0.3423078862918613,0.3107376301287645
0.345851029171606,0.39113222589706537,0.3602648071338635
0.35243518530886514,0.38032198072307066,0.3598277801110453
0.3510284742287337,0.36221385827484703,0.41000693781702197
0.354943494399561,0.3805670129130551,0.3872478375287879
0.3582872699822688,0.3802825571283461,0.32833680623992845
0.35387561279715657,0.3519854646917808,0.33915356394980983
0.34832947347223253,0.38532506441498793,0.36526792608742426
0.35268672142887825,0.4320435638766997,0.31617994740925104
0.35073455067547143,0.4200606301488319,0.2963799329639936
0.3558072731260118,0.4547284206421428,0.3525749366902591
0.34880841068005514,0.5514783051917046,0.4136970196062005
0.3412339320189954,0.36896683035682837,0.34854730654658084
0.34804136228375043,0.3757622854827654,0.370425091449579
0.343306161042973,0.32073930529366035,0.38695982443052623
0.35950348187709824,0.4503818987470831,0.31743565868329654
0.3477687506561164,0.42338558323269687,0.3394474295194174
0.3626668382458282,0.3873497039673221,0.3563067664563875
0.35083122561492164,0.34680563053687524,0.3871648139641149
0.3382050000960558,0.3499842178621849,0.37523560467533057
0.34448367683495196,0.3694677530589943,0.4295735838059716
0.3612296206105998,0.3578297770174304,0.394177948675776
0.35302512562355526,0.41786298399682315,0.36568258551686933
0.3565411300741905,0.47447314458364664,0.42709586985588976
0.35799977922169784,0.4147546639424701,0.3290692875512789
0.36216074913045093,0.31901530081988644,0.41224364518439566
0.34579260932468364,0.33299649731444425,0.35653519180465765
0.34818570922761866,0.36050833283338035,0.32047068284603086
0.3591999310629984,0.4414302591564411,0.33088556009546066
0.3574956454169367,0.411252728332899,0.3361977818197578
0.35202688001356824,0.3398694833365848,0.4077226762278982
0.3490498697676804,0.3572345639499076,0.3328284146531891
0.35508701928607045,0.3372424970269883,0.4421406136280214
0.358360312825764,0.3569315248831732,0.3789315425521269
0.3566999128969691,0.34856103415032835,0.37494122499810856
0.36159870923317877,0.32686765864439793,0.33268372177635136
0.36457171652767406,0.4358822389314296,0.35524485698785435
0.34767654987685165,0.36845615616947475,0.32141423816864195
0.35141390517359145,0.35430038579846584,0.37599713045481936
0.3566191673525649,0.46812575422245667,0.37040174407098253
0.36250528338751703,0.33768699403205454,0.32123724899306094
0.3465198939547707,0.36112764471069003,0.4179457719093276
0.3537727727834752,0.3658416487346489,0.42593666398193974
0.34142662956180314,0.38731080132733153,0.3474211515335369
0.3621962726668616,0.3850335974894192,0.3690102606295449
0.3456946341192685,0.3879869411633186,0.35732408336576926
0.3660609208297849,0.45757756327138804,0.3590471680088417
0.3582914227508029,0.437748662392224,0.44834988676877635
0.3554098587506844,0.5002461682566637,0.363473120495873
0.3603479538393427,0.352600070007459,0.32413171051828366
0.3429426504673662,0.4308421454537746,0.3756552714834152
0.35410230144382177,0.3762075376329593,0.3805136888821554
0.3620481268679007,0.3302815574737506,0.3541188592405267
0.35395158470187044,0.38899841887283976,0.3334766467868899
0.3554230499311085,0.3729700990846657,0.3704193625003543
0.3680937427570749,0.34167582182771083,0.3428202668420744
0.3640380951076785,0.42306233272183347,0.34180013924861496
0.35998989548012017,0.44036010749397175,0.3908053071209251
0.34517407076226625,0.32720030253981003,0.321561720690873
0.35678757130200867,0.34116845157004216,0.3809505672182079
0.3595716044763549,0.33765266677269523,0.31883478601086024
0.3494465691195784,0.4390014758853165,0.3223158445143474
0.3521010301982228,0.38161234271668015,0.428793625783902
0.34965626530798644,0.385975080411193,0.3700847915272647
0.34991659376788203,0.3571964499031477,0.30272712679185515
0.35321924049349696,0.3585273472569818,0.4129381943371766
0.35119793781422914,0.40921980613595055,0.31863444312872213
0.3504956642325315,0.4010963082198436,0.3311950071208028
0.35015529715602295,0.3905274557627543,0.3543659393673998
0.3492866583665345,0.4354088191904105,0.3899847507374812
0.3593391792057028,0.3500207763142033,0.33536611123427007
0.3513202603131278,0.3189232762262763,0.40037210020904934
0.3506739827289694,0.36794599530696437,0.33626213872011756
0.348272749482665,0.39573907067373715,0.41205712257654953
0.3669619835144854,0.416553995814666,0.3384834161298844
0.3597579862686416,0.3382054894906284,0.41158929044122644
0.3621759436327533,0.33854296297076175,0.3450611110396066
0.3476064220633501,0.4624863478129186,0.3608001678232777
0.3531840429530381,0.3517771757664009,0.3782937268157749
0.3535797871892657,0.34367901666310474,0.3539701053374951
0.3469224761723178,0.42826377487115086,0.4092421544992961
0.36583162983416134,0.35839605822380377,0.3435800587592638
0.35845287299357304,0.4038506210769829,0.40016005774095365
0.3589282824803278,0.43548812327841774,0.2925091602040725
0.3529427984300842,0.37727561014000927,0.37204229412234235
0.350601642736076,0.3989112609687374,0.33784833620138693
0.34985613461601267,0.33189056601030015,0.3760626528322903
0.3503007557708878,0.4119183176061018,0.419648530735443
0.3474688749277909,0.3431987789818325,0.34108736909056925
0.3497161996072876,0.3819294352806953,0.4239534251502142
0.34900157842948737,0.39876902184681173,0.3177797872678492
0.34079715787099,0.42176079466229394,0.36645970502898656
0.35876250911854535,0.36702935613868565,0.3505575266830776
0.3586385956204051,0.4470338439928439,0.3729729337033449
0.3491179693392142,0.37874517017445947,0.26426269842716804
0.3516765001399462,0.4563232990154364,0.3702177189548614
0.34906466637590733,0.4239298287819757,0.40371093846819395
0.3593481006217342,0.3483584604772614,0.315114563061449
0.35185030629779507,0.4002621832931309,0.38828065268989903
0.3393555876708776,0.4195342970400039,0.30842285854717805
0.36188393352277276,0.3983190236420749,0.3688647590954398
0.3644406410991551,0.39246320656479183,0.36086339157346004
0.3567794883276538,0.38280840574721264,0.3249905042456999
0.35899562766957605,0.39747797136080437,0.31347838365708175
0.35476935601396187,0.3649379636494889,0.3036077748486755
0.35052406138839,0.33568807977136794,0.30503488771441895
0.3508783866077869,0.3713722545509559,0.3494891403555829
0.35547105244597005,0.355873940438769,0.34060291295290546
0.3551084892120858,0.3357488061337294,0.3262598696065856
0.3623692080217526,0.379759305341754,0.3263972690772445
0.3632309057164721,0.33528459775851593,0.31932184823209353
0.3550550651290653,0.3425823436634536,0.32407624682785635
0.3543493832770574,0.4861513880373218,0.3197467819344375
0.359651873318671,0.4025524392497299,0.3216090172902741
0.34617952270817176,0.4337171651932105,0.3730518738825459
0.3574634116226103,0.41994379392032155,0.4332523395994439
0.35915263383705753,0.3948468598966392,0.3238882499041447
0.3454349200320802,0.33248584537254,0.36393600779445573
0.34437362562181717,0.340121503895212,0.3491062367924072
0.3597633238898854,0.3248856246439862,0.3397668208686172
0.3608295820039366,0.3886161864330906,0.3634213094355497
0.3574323913202083,0.3915798957531907,0.3530039025486844
0.36202017067988546,0.3503323059349639,0.35131995263641697
0.36978033291200746,0.4446059789542129,0.3987529565047759
0.35016728115398255,0.3611314620708074,0.3864229791499368
0.37146216263693216,0.43399530537746445,0.4919331305650095
0.35070358181833233,0.3533161822711127,0.438254829309691
0.35928555025868497,0.3729921554411832,0.3328145427705544
0.35072421592917125,0.43450483738269674,0.34852407653387435
0.35132886687904746,0.39115845173831315,0.32370881674088414
0.35771384620227636,0.3769493226991599,0.35549591633315425
0.35649541609357455,0.37557056196149774,0.32855968402381236
0.3542687629934108,0.4213834567387708,0.34172896066139313
0.3568973681677502,0.31147691399024274,0.38570564688315717
0.3580691142911346,0.3440042637761623,0.4285632461133986
0.35919161204800887,0.37491130820870944,0.2883884574896945
0.3540433133532019,0.42348948029977107,0.3798133066772904
0.34871235192062494,0.40773588251629816,0.39825434557188333
0.351024953811716,0.37061090845432004,0.3623671405045986
0.34380064449790004,0.4757742322753519,0.38881257022033605
0.3474281739049821,0.41160877421522235,0.36961424063623405
0.3589647073980752,0.3976044663462974,0.33204959478763
0.3500854407840431,0.39714335018051694,0.37560527323892806
0.3419935208114073,0.42908554653108466,0.3435288660207232
0.3622654826246743,0.3916730058227115,0.36007433154633367
0.3614762944501306,0.3660036822901432,0.3617156939946967
0.3596820762266237,0.4454354440165445,0.3205938419706168
0.3513199378504873,0.48952856511097265,0.4211267279833432
0.35057508991849773,0.36521871142365453,0.4029030752097992
0.34987422582037814,0.4257158763545868,0.3439059136362997
0.34752389006428464,0.33945579863118613,0.3751440413942931
0.34539911749030244,0.37744967197504026,0.33692930629982387
0.34967604904020105,0.4110961656331897,0.3368483242163703
0.36461119663595815,0.3614769853373666,0.38920134193704964
0.34252475033790364,0.41945404210562665,0.3641550537916207
0.3628452671391313,0.44788548596167177,0.41234430004666855
0.35555693118212267,0.40629574079982744,0.37796334041090446
0.3608879311859564,0.43429577938430514,0.34313165755594416
0.35477773360403114,0.4142273240099724,0.35599269660992283
0.3407723443265826,0.2868717932239026,0.3447835637038828
0.3532919739391288,0.3826878074585113,0.30722630879014123
0.3572619170510618,0.37220565208478334,0.363494895605745
0.3594273222924158,0.47658393635983204,0.32613983187124485
0.3546012078708128,0.36146377823399206,0.3695757901455663
0.34050709899655573,0.4521137488562685,0.3681773605223176
0.33846440071211914,0.4464649589191538,0.321753890173565
0.35348133541675925,0.43719914701455553,0.35072308266566893
0.35142590180189914,0.34235975039773836,0.4308294438208955
0.35335022130079985,0.37347481385107323,0.3911791361916408
0.33820162220695144,0.3629871439998484,0.32069010369946
0.36110191625642263,0.3836664844860452,0.3173831637249918
0.35966812727027525,0.36904089256748324,0.4352099247682495
0.3448385551669604,0.3541740880760277,0.4159384090659821
0.3422426841383482,0.4938805794285819,0.37616131293947613
0.3539439906304621,0.36040182976684204,0.43559724581062276
0.3496785874661844,0.35211625323800766,0.36954886543930554
0.36269437744956634,0.302753472670145,0.39049403545233075
0.35747443308386917,0.38693837839487877,0.3879516281860296
0.34717856495014277,0.38877980962188746,0.3213509273287657
0.355446152511592,0.4742785313736544,0.3593172782503425
0.355386994862579,0.3471458227145951,0.3086490166384541
0.3619733277267478,0.37932127502537305,0.3152356739191371
0.36388694110648856,0.3426905140249121,0.357986740691334
0.35251564851312384,0.38320391818001875,0.40868018718830157
0.3581836206282581,0.3538063005206811,0.40345777642859093
0.35647507142511525,0.403013672896019,0.29914912601378263
0.35139726578901065,0.4200603107901972,0.46657297438437256
0.35505110735848444,0.399734839147216,0.35575681742167187
0.35216718718723256,0.41703952676402056,0.34133005939686256
0.3558440085072265,0.3202909978912481,0.358242656549424
0.36028272336682854,0.3823258671703448,0.349435620897826
0.3488576986810412,0.3558752813440008,0.36324441672662217
0.34620282809111547,0.3201967544305396,0.3383779589716633
0.3423086370459365,0.40551491249464267,0.3427169261060181
0.3495346954719333,0.3709065859467397,0.32548636901730965
0.3528685753426626,0.3282914319281631,0.39951688807858843
0.354463696301286,0.37469850888390244,0.334605655959781
0.3362443997340156,0.33365279055302033,0.3590873016138595
0.35709015127373417,0.32416384968197925,0.36465786779388715
0.36135734406257575,0.4087472053273902,0.47107961341711174
0.35096703100083493,0.37815944021468084,0.35036657580730257
0.3485834919131421,0.3929578989670428,0.3755110285026977
0.35113158293733665,0.3541318254058343,0.3635703645402346
0.3717783201022401,0.4536977056236157,0.3627042598669251
0.34179838479159885,0.3953550364220222,0.3266577055072417
0.365700577092051,0.42006533335764945,0.5007458092563895
0.3673563304449315,0.48809125241723966,0.40809607215782234
0.35675446520949927,0.4178055646302476,0.3308396995534211
0.362620764670612,0.3764701520794817,0.31615555098586035
0.366038487314943,0.3111664159601193,0.33346981412836846
0.3582399947275874,0.3524061803062372,0.30753325678990123
0.36963182586039084,0.3750759235573833,0.3269732791969326
0.35236935445153594,0.3710356644266341,0.3979723316560361
0.3494609187251971,0.39822216111803654,0.412525596091743
0.3602756597574019,0.3766293585338374,0.39732703018295773
0.34182787218221805,0.35090823165845847,0.32582923358264254
0.3602567771405432,0.4098369505473943,0.35582190980367495
0.35321528020702275,0.39308527413283134,0.33334597995372767
0.3586518268160517,0.38245914046776863,0.4734591453409852
0.3610302007754929,0.4739986516767225,0.41917702620415503
0.3615068707796846,0.42438224007219444,0.35715658119486154
0.36227376360942887,0.3741540193281189,0.4664414443950611
0.34386314277780755,0.4803353230328368,0.34511992599135094
0.357025470096287,0.39619724105069226,0.30572500152491683
0.3487633114835818,0.3710199182913909,0.3257858424168274
0.3502480691894622,0.4659495457889701,0.3783014040822728
0.35393846683265884,0.5144964322759076,0.3400744953735873
0.35236347242211213,0.4597400489060186,0.32330620273622507
0.36601712549693377,0.32227346761619036,0.4221377437992972
0.3528467842359856,0.38198621317744974,0.40423154757648155
0.3481402370163195,0.34379694209500106,0.4320789745593974
0.3517417245341373,0.5814276602568536,0.37933617368229927
0.3595624973534721,0.39009177220012925,0.3541243866667221
0.3609300347606269,0.348005910441932,0.3427853556712218
0.36046733014843013,0.4007629429803335,0.35246933821681375
0.353178440446927,0.3340081017604534,0.361640045494456
0.34466471590117065,0.38651099686189366,0.3310766499617915
0.35299722504213804,0.4079110130334502,0.40934393187987955
0.34901270220744596,0.3496424809341118,0.3791912789610818
0.3474315859042329,0.3248318756195482,0.3466952972336139
0.3518677122049664,0.33486014817705645,0.36131957769813494
0.36099253099310624,0.4273771585620823,0.3573232317253379
0.36045555988968314,0.4142810665914798,0.3568381766124959
0.358464132923587,0.36572068444949263,0.34485705537882644
0.35738464146067245,0.3428623373401598,0.3209981826364087
0.3670201742914658,0.3420724551673015,0.4758758832969086
0.3355126859754949,0.38128571164584774,0.3259329682465703
0.35101915857394145,0.3295802571550537,0.3177080558336453
0.3507056937858993,0.33014231720933024,0.343901348357023
0.3520020282979658,0.3390720295423224,0.35479871400123847
0.3485532249220194,0.3766544049049661,0.33903531298497785
0.36193632118064667,0.43019894074423704,0.3916975570695281
0.33649500745265837,0.386564575279192,0.33335307332680175
0.35682467407725177,0.35888903354602325,0.34136717002622896
0.35205753085123354,0.34341247911321743,0.302741429286998
0.3562755533057101,0.4383172331441452,0.29771560943209563
0.3642054424473302,0.4236168879285345,0.36867041153903485
0.345828803166751,0.37519201171772126,0.30641254565657433
0.35480416233466716,0.46471711403816796,0.37946037402019805
0.3692741544386828,0.4130468662168886,0.4196366018018629
0.35055734391632215,0.41965363812901135,0.3446865146395783
0.3648509453507986,0.4369311086286667,0.37297309422307406
0.3562946175738836,0.32969856809852877,0.38034831156576265
0.3548042582885422,0.3561346102474663,0.41316104837705686
0.34521895971974775,0.3573835175770626,0.43286579003179393
0.3486233104248924,0.35082922121412385,0.3646113985694001
0.35317820645968434,0.4177767542476035,0.4002693394618731
0.3545281651411532,0.3568093358592022,0.33628949230487226
0.353576001391253,0.35850765785350575,0.4081438063312275
0.34132586146257127,0.48418396158199983,0.36722261581938337
0.3473391078997498,0.40589708053789997,0.4293728685051565
0.35752499102271,0.38924552672097107,0.3494412132358862
0.35030410377907717,0.35791002142361783,0.33893222931389916
0.34830065248288383,0.3460504662018776,0.3618623238040505
0.35320766478281707,0.37595356009083475,0.3438189167377511
0.34773667831431154,0.33284525713088914,0.4068389895195377
0.3526733160191829,0.42308137483389585,0.47259672488991217
0.35200528477362963,0.35990138492419527,0.4115896602669089
0.3649727832320161,0.37889761592651666,0.3190555393358773
0.3472367164139441,0.3412547000310659,0.3689249663944798
0.36514018160368517,0.3959701597550535,0.319215017331309
0.35766582891341486,0.37381801394238845,0.3237728467145863
0.35628302995165195,0.40770518597204203,0.3849311384296094
0.34690166823247337,0.3903578796693127,0.31428269473699416
0.3608532205950779,0.3925158022856997,0.3695070120831934
0.3554280909714796,0.39973827520785477,0.321887238929492
0.35488422360346555,0.4073474016596103,0.42504809960120304
0.3567785248751581,0.37294624999589354,0.3487196730060801
0.36077300190745126,0.5311544518309437,0.36457734657658053
0.3565071497497846,0.35883054982042883,0.36948233405837433
0.3595968548061584,0.2923850276412977,0.387726953720181
0.35549188592948394,0.44871971335770083,0.34482059660210657
0.3532077234174704,0.4374175707471015,0.3273658839831035
0.3522281217048392,0.3870568955864506,0.300430517977079
0.3724470272191199,0.3950516668414668,0.3534809576234349
0.35036082161523424,0.3903868129614387,0.3840008082635351
0.353577652634717,0.4490580547176171,0.32503177059898986
0.3575130308218599,0.34773558594281123,0.32641130916210076
0.36208728450096606,0.4505067504090391,0.34936722216928917
0.33864454027971236,0.3599238629768754,0.32046883818392263
0.37170652415830546,0.3885891145445078,0.31912339826062497
0.36009844045553807,0.35402242163454145,0.31459367467112465
0.3566818420802805,0.4419545317980779,0.33823253101904405
0.35245827560744736,0.4011831992871266,0.3126128872619219
0.3542303330135958,0.3902953287375462,0.4146414161015665
0.3540913144639412,0.36202229962938187,0.3563785722840961
0.35964283599846947,0.4594425606291494,0.39910821985019307
0.35418868073679577,0.32988117149580615,0.3628721309297492
0.33518020977378915,0.3405673073806164,0.3785927839759108
0.34690107562416395,0.4171004161271076,0.33539930739934426
0.3596688928298062,0.4415368446489768,0.353506892493427
0.3437532579725558,0.3756090464996633,0.29588302199366684
0.3600858426626529,0.3850555475486867,0.4357510566844721
0.3585529526617796,0.3505202974415201,0.33885819414314333
0.36289163063689883,0.3722717738669434,0.33009392145537847
0.3600168394558047,0.30747974070380785,0.3254590122547458
0.3444365907920823,0.32626254395184184,0.4239816838013254
0.3528695237410773,0.4001963363791591,0.43171155806849704
0.3545275139680018,0.324903354381458,0.3524375459404884
0.35594786544754814,0.3500027980673276,0.31070937586559055
0.36682199155950174,0.35482912749568035,0.35804328561223275
0.3439425918264486,0.3613803597004317,0.46806130138763363
0.35872191722768526,0.3724611441019846,0.34049911729300164
0.35827894237152824,0.4051738060048483,0.32401331438355685
0.3620079703567852,0.40829056850344586,0.4245300926706531
0.34102070051121,0.375515547584355,0.36915270101962305
0.36284463105345427,0.3778802985646995,0.3606181182772374
0.3537963905309594,0.38017209355000037,0.39308722163003473
0.3585210950037869,0.4584550979720881,0.3037807285446425
0.3627614348494602,0.3436042811330043,0.3367280294177444
0.36215777080570954,0.39529174665924843,0.3890502812577074
0.3562109935145837,0.33103051470202094,0.37514339226204846
0.35657612557837,0.38174400084629184,0.3688988553307957
0.34601655738455406,0.4373707222734779,0.37536917906455075
0.36649967234473496,0.39339320987462584,0.36760812813163085
0.3408410535283208,0.3851805852539848,0.40196800224465995
0.3608064513828279,0.49957468358484636,0.35075478391764503
0.33890715424763374,0.4040520795710702,0.32999387394355323
0.36044229723496884,0.3341277356756342,0.3379429489688258
0.3502597556460817,0.33133343919368113,0.3274703258962342
0.3554326842119387,0.3924230439879776,0.3761355504111786
0.3564410232479648,0.45124060534438115,0.31922774740760884
0.3525533369873412,0.33015221469660694,0.47441106398487654
0.3515971269242985,0.3926320829959504,0.34531896907913445
0.35772852023969676,0.42672114292617774,0.3952816386857317
0.34675981237936804,0.33485955653889043,0.34170423988566395
0.36422984127297475,0.3465615209876819,0.33809610269514695
0.35461920621020454,0.32737068213120396,0.4680121445920642
0.35639993116147667,0.3833100826795522,0.32389633361083797
0.35889769418706113,0.3442118982689147,0.32147068548563507
0.3602587300238128,0.3448941082327015,0.4305478866144034
0.34079415713671934,0.3122115667919068,0.3086911984333334
0.3492413326448963,0.3622374096407897,0.3754567575611491
0.36595845947449235,0.3173880100528551,0.3876458366485158
0.3437054663208465,0.3958092321374955,0.39869362091802485
0.3459376380408477,0.3819262073790103,0.3307918983604828
0.3424685517927692,0.35199989471185444,0.2829715428282865
0.366017705844833,0.40157737166235447,0.2875039255300627
0.3597748039218198,0.41428100026156267,0.3982279470515238
0.35515118638427773,0.44808648870001744,0.33080996015307357
0.3489897636271201,0.38354303221208436,0.347679930362529
0.36093696604964076,0.3184788593003334,0.3371560126655558
0.3520514242243064,0.3564913374396644,0.2953819056887255
